1.90735e-05, 0, 0, -nan, -nan
0.00339198, 0, 0, 0, 0
0.00674272, 0, 0, 0, 0
0.0100679, 0, 0, 0, 0
0.013411, 0, 0, 0, 0
0.016716, 0, 0, 0, 0
0.0200694, 0, 0, 0, 0
0.0233936, 0, 0, 0, 0
0.0267441, 0, 0, 0, 0
0.0300779, 0, 0, 0, 0
0.0334048, 0, 0, 0, 0
0.0367446, 0, 0, 0, 0
0.0400665, 0, 0, 0, 0
0.0434108, 0, 0, 0, 0
0.0467439, 0, 0, 0, 0
0.0500717, 0, 0, 0, 0
0.0533924, 0, 0, 0, 0
0.0567253, 0, 0, 0, 0
0.0600584, 0, 0, 0, 0
0.063391, 0, 0, 0, 0
0.0667236, 0, 0, 0, 0
0.0700569, 0, 0, 0, 0
0.0733898, 0, 0, 0, 0
0.0767241, 0, 0, 0, 0
0.0800574, 0, 0, 0, 0
0.0833907, 0, 0, 0, 0
0.0867231, 0, 0, 0, 0
0.0900569, 0, 0, 0, 0
0.0933895, 0, 0, 0, 0
0.0967231, 0, 0, 0, 0
0.100057, 0, 0, 0, 0
0.10339, 0, 0, 0, 0
0.106723, 0, 0, 0, 0
0.110056, 0, 0, 0, 0
0.113389, 0, 0, 0, 0
0.116723, 0, 0, 0, 0
0.12009, 0, 0, 0, 0
0.123392, 0, 0, 0, 0
0.126723, 0, 0, 0, 0
0.130056, 0, 0, 0, 0
0.13339, 0, 0, 0, 0
0.136723, 0, 0, 0, 0
0.140057, 0, 0, 0, 0
0.143391, 0, 0, 0, 0
0.146724, 0, 0, 0, 0
0.150057, 0, 0, 0, 0
0.153391, 0, 0, 0, 0
0.156723, 0, 0, 0, 0
0.160056, 0, 0, 0, 0
0.16339, 0, 0, 0, 0
0.166723, 0, 0, 0, 0
0.170056, 0, 0, 0, 0
0.173389, 0, 0, 0, 0
0.176723, 0, 0, 0, 0
0.180056, 0, 0, 0, 0
0.183391, 0, 0, 0, 0
0.186723, 0, 0, 0, 0
0.190057, 0, 0, 0, 0
0.19339, 0, 0, 0, 0
0.196723, 0, 0, 0, 0
0.200058, 0, 0, 0, 0
0.20339, 0, 0, 0, 0
0.206723, 0, 0, 0, 0
0.210057, 0, 0, 0, 0
0.213389, 0, 0, 0, 0
0.216724, 0, 0, 0, 0
0.220057, 0, 0, 0, 0
0.223406, 0, 0, 0, 0
0.226729, 0, 0, 0, 0
0.230777, 0, 0, 0, 0
0.233395, 0, 0, 0, 0
0.236726, 0, 0, 0, 0
0.240077, -0, -0, -0, -0
0.243395, -0, -0, 0, 0
0.246728, -0, -0, 0, 0
0.250061, -0, -0, 0, 0
0.253394, -0, -0, 0, 0
0.256728, -0, -0, 0, 0
0.260859, -0, -0, 0, 0
0.263395, -0, -0, 0, 0
0.266727, -0, -0, 0, 0
0.270061, -0, -0, 0, 0
0.273395, -0, -0, 0, 0
0.276727, -0, -0, 0, 0
0.280062, -0, -0, 0, 0
0.283395, -0, -0, 0, 0
0.286728, -0, -0, 0, 0
0.290063, -0, -0, 0, 0
0.293395, -0, -0, 0, 0
0.296728, -0, -0, 0, 0
0.300061, -0, -0, 0, 0
0.303395, -0, -0, 0, 0
0.306736, -0, -0, 0, 0
0.310066, -0, -0, 0, 0
0.313394, -0, -0, 0, 0
0.316729, -0, -0, 0, 0
0.320062, -0, -0, 0, 0
0.323396, -0, -0, 0, 0
0.326729, -0, -0, 0, 0
0.330062, -0, -0, 0, 0
0.333396, -0, -0, 0, 0
0.336729, -0, -0, 0, 0
0.340061, -0, -0, 0, 0
0.343395, -0, -0, 0, 0
0.346728, -0, -0, 0, 0
0.350062, -0, -0, 0, 0
0.353394, -0, -0, 0, 0
0.356727, -0, -0, 0, 0
0.360889, -0, -0, 0, 0
0.363396, -0, -0, 0, 0
0.366729, -0, -0, 0, 0
0.370062, -0, -0, 0, 0
0.373394, -0, -0, 0, 0
0.376728, -0, -0, 0, 0
0.380061, -0, -0, 0, 0
0.383402, -0, -0, 0, 0
0.386733, -0, -0, 0, 0
0.390068, -0, -0, 0, 0
0.393401, -0, -0, 0, 0
0.396733, -0, -0, 0, 0
0.400067, -0, -0, 0, 0
0.4034, -0, -0, 0, 0
0.406734, -0, -0, 0, 0
0.410061, -0, -0, 0, 0
0.413395, -0, -0, 0, 0
0.416734, -0, -0, 0, 0
0.420061, -0, -0, 0, 0
0.423395, -0, -0, 0, 0
0.426734, -0, -0, 0, 0
0.430061, -0, -0, 0, 0
0.433396, -0, -0, 0, 0
0.436728, -0, -0, 0, 0
0.440067, -0, -0, 0, 0
0.443396, -0, -0, 0, 0
0.446728, -0, -0, 0, 0
0.450068, -0, -0, 0, 0
0.453394, -0, -0, 0, 0
0.456728, -0, -0, 0, 0
0.460068, -0, -0, 0, 0
0.463396, -0, -0, 0, 0
0.466728, -0, -0, 0, 0
0.470061, -0, -0, 0, 0
0.4734, -0, -0, 0, 0
0.476728, -0, -0, 0, 0
0.480062, -0, -0, 0, 0
0.483401, -0, -0, 0, 0
0.486729, -0, -0, 0, 0
0.490061, -0, -0, 0, 0
0.493401, -0, -0, 0, 0
0.496729, -0, -0, 0, 0
0.500063, -0, -0, 0, 0
0.503401, -0, -0, 0, 0
0.506729, -0, -0, 0, 0
0.510061, -0, -0, 0, 0
0.513394, -0, -0, 0, 0
0.516735, -0, -0, 0, 0
0.520063, -0, -0, 0, 0
0.523396, -0, -0, 0, 0
0.526734, -0, -0, 0, 0
0.530062, -0, -0, 0, 0
0.533397, -0, -0, 0, 0
0.536734, -0, -0, 0, 0
0.540018, -0, -0, 0, 0
0.543395, -0, -0, 0, 0
0.546734, -0, -0, 0, 0
0.550061, -0, -0, 0, 0
0.553394, -0, -0, 0, 0
0.556729, -0, -0, 0, 0
0.560901, -0, -0, 0, 0
0.563396, -0, -0, 0, 0
0.566727, -0, -0, 0, 0
0.570066, -0, -0, 0, 0
0.573367, -0, -0, 0, 0
0.576728, -0, -0, 0, 0
0.580061, -0, -0, 0, 0
0.5834, -0, -0, 0, 0
0.586728, -0, -0, 0, 0
0.590061, -0, -0, 0, 0
0.5934, -0, -0, 0, 0
0.596728, -0, -0, 0, 0
0.600062, -0, -0, 0, 0
0.603401, -0, -0, 0, 0
0.606728, -0, -0, 0, 0
0.610061, -0, -0, 0, 0
0.613419, -0, -0, 0, 0
0.616742, -0, -0, 0, 0
0.620062, -0, -0, 0, 0
0.623397, -0, -0, 0, 0
0.626735, -0, -0, 0, 0
0.630062, -0, -0, 0, 0
0.633394, -0, -0, 0, 0
0.636735, -0, -0, 0, 0
0.64005, -0, -0, 0, 0
0.643395, -0, -0, 0, 0
0.646729, -0, -0, 0, 0
0.650074, -0, -0, 0, 0
0.653394, -0, -0, 0, 0
0.656729, -0, -0, 0, 0
0.660068, -0, -0, 0, 0
0.663396, -0, -0, 0, 0
0.666728, -0, -0, 0, 0
0.670068, -0, -0, 0, 0
0.673396, -0, -0, 0, 0
0.676728, -0, -0, 0, 0
0.680066, -0, -0, 0, 0
0.683395, -0, -0, 0, 0
0.686728, -0, -0, 0, 0
0.690061, -0, -0, 0, 0
0.693401, -0, -0, 0, 0
0.696728, -0, -0, 0, 0
0.700062, -0, -0, 0, 0
0.703401, -0, -0, 0, 0
0.706728, -0, -0, 0, 0
0.710061, -0, -0, 0, 0
0.713401, -0, -0, 0, 0
0.716728, -0, -0, 0, 0
0.720901, -0, -0, 0, 0
0.723401, -0, -0, 0, 0
0.726729, -0, -0, 0, 0
0.730061, -0, -0, 0, 0
0.733395, -0, -0, 0, 0
0.736734, -0, -0, 0, 0
0.740063, -0, -0, 0, 0
0.743395, -0, -0, 0, 0
0.746734, -0, -0, 0, 0
0.75006, -0, -0, 0, 0
0.753395, -0, -0, 0, 0
0.756729, -0, -0, 0, 0
0.760067, -0, -0, 0, 0
0.763395, -0, -0, 0, 0
0.766728, -0, -0, 0, 0
0.770066, -0, -0, 0, 0
0.773395, -0, -0, 0, 0
0.776727, -0, -0, 0, 0
0.780067, -0, -0, 0, 0
0.783395, -0, -0, 0, 0
0.786728, -0, -0, 0, 0
0.790061, -0, -0, 0, 0
0.793401, -0, -0, 0, 0
0.796728, -0, -0, 0, 0
0.800062, -0, -0, 0, 0
0.803401, -0, -0, 0, 0
0.806931, -0, -0, 0, 0
0.810469, -0, -0, 0, 0
0.813436, -0, -0, 0, 0
0.816733, -0, -0, 0, 0
0.820063, -0, -0, 0, 0
0.823407, -0, -0, 0, 0
0.826731, -0, -0, 0, 0
0.830071, -0, -0, 0, 0
0.833395, -0, -0, 0, 0
0.836736, -0, -0, 0, 0
0.840063, -0, -0, 0, 0
0.843395, -0, -0, 0, 0
0.846736, -0, -0, 0, 0
0.850061, -0, -0, 0, 0
0.853395, -0, -0, 0, 0
0.856733, -0, -0, 0, 0
0.860061, -0, -0, 0, 0
0.863395, -0, -0, 0, 0
0.866733, -0, -0, 0, 0
0.870061, -0, -0, 0, 0
0.873394, -0, -0, 0, 0
0.876728, -0, -0, 0, 0
0.880066, -0, -0, 0, 0
0.883394, -0, -0, 0, 0
0.886728, -0, -0, 0, 0
0.890067, -0, -0, 0, 0
0.893397, -0, -0, 0, 0
0.896728, -0, -0, 0, 0
0.900067, -0, -0, 0, 0
0.903395, -0, -0, 0, 0
0.906728, -0, -0, 0, 0
0.910067, -0, -0, 0, 0
0.913395, -0, -0, 0, 0
0.916729, -0, -0, 0, 0
0.920061, -0, -0, 0, 0
0.9234, -0, -0, 0, 0
0.926728, -0, -0, 0, 0
0.930061, -0, -0, 0, 0
0.933399, -0, -0, 0, 0
0.936728, -0, -0, 0, 0
0.940062, -0, -0, 0, 0
0.943401, -0, -0, 0, 0
0.946727, -0, -0, 0, 0
0.950062, -0, -0, 0, 0
0.953394, -0, -0, 0, 0
0.956733, -0, -0, 0, 0
0.960061, -0, -0, 0, 0
0.963394, -0, -0, 0, 0
0.966734, -0, -0, 0, 0
0.970061, -0, -0, 0, 0
0.973395, -0, -0, 0, 0
0.976733, -0, -0, 0, 0
0.980061, -0, -0, 0, 0
0.983395, -0, -0, 0, 0
0.986728, -0, -0, 0, 0
0.990067, -0, -0, 0, 0
0.993415, -0, -0, 0, 0
0.996731, -0, -0, 0, 0
1.00007, -0, -0, 0, 0
1.00339, -0, -0, 0, 0
1.00673, -0, -0, 0, 0
1.01008, -0, -0, 0, 0
1.0134, -0, -0, 0, 0
1.01673, -0, -0, 0, 0
1.02093, -0, -0, 0, 0
1.0234, -0, -0, 0, 0
1.02674, -0, -0, 0, 0
1.03007, -0, -0, 0, 0
1.0334, -0, -0, 0, 0
1.03673, -0, -0, 0, 0
1.04006, -0, -0, 0, 0
1.04341, -0, -0, 0, 0
1.04674, -0, -0, 0, 0
1.05006, -0, -0, 0, 0
1.05339, -0, -0, 0, 0
1.05673, -0, -0, 0, 0
1.06007, -0, -0, 0, 0
1.0634, -0, -0, 0, 0
1.06674, -0, -0, 0, 0
1.07006, -0, -0, 0, 0
1.07339, -0, -0, 0, 0
1.07675, -0, -0, 0, 0
1.08007, -0, -0, 0, 0
1.0834, -0, -0, 0, 0
1.08673, -0, -0, 0, 0
1.09007, -0, -0, 0, 0
1.09341, -0, -0, 0, 0
1.09673, -0, -0, 0, 0
1.10007, -0, -0, 0, 0
1.10339, -0, -0, 0, 0
1.10673, -0, -0, 0, 0
1.1101, -0, -0, 0, 0
1.11341, -0, -0, 0, 0
1.11673, -0, -0, 0, 0
1.12094, -0, -0, 0, 0
1.12339, -0, -0, 0, 0
1.12674, -0, -0, 0, 0
1.13007, -0, -0, 0, 0
1.1334, -0, -0, 0, 0
1.13674, -0, -0, 0, 0
1.14007, -0, -0, 0, 0
1.1434, -0, -0, 0, 0
1.14673, -0, -0, 0, 0
1.15006, -0, -0, 0, 0
1.1534, -0, -0, 0, 0
1.15673, -0, -0, 0, 0
1.16094, -0, -0, 0, 0
1.1634, -0, -0, 0, 0
1.16673, -0, -0, 0, 0
1.17006, -0, -0, 0, 0
1.1734, -0, -0, 0, 0
1.17673, -0, -0, 0, 0
1.18006, -0, -0, 0, 0
1.18339, -0, -0, 0, 0
1.18673, -0, -0, 0, 0
1.19006, -0, -0, 0, 0
1.19341, -0, -0, 0, 0
1.19676, -0, -0, 0, 0
1.20008, -0, -0, 0, 0
1.2034, -0, -0, 0, 0
1.20673, -0, -0, 0, 0
1.21007, -0, -0, 0, 0
1.21342, -0, -0, 0, 0
1.21675, -0, -0, 0, 0
1.22009, -0, -0, 0, 0
1.2234, -0, -0, 0, 0
1.22673, -0, -0, 0, 0
1.23007, -0, -0, 0, 0
1.23341, -0, -0, 0, 0
1.23673, -0, -0, 0, 0
1.24006, -0, -0, 0, 0
1.2434, -0, -0, 0, 0
1.24673, -0, -0, 0, 0
1.25006, -0, -0, 0, 0
1.2534, -0, -0, 0, 0
1.25673, -0, -0, 0, 0
1.26006, -0, -0, 0, 0
1.2634, -0, -0, 0, 0
1.26673, -0, -0, 0, 0
1.27006, -0, -0, 0, 0
1.27339, -0, -0, 0, 0
1.27674, -0, -0, 0, 0
1.28006, -0, -0, 0, 0
1.2834, -0, -0, 0, 0
1.28674, -0, -0, 0, 0
1.29006, -0, -0, 0, 0
1.29339, -0, -0, 0, 0
1.29673, -0, -0, 0, 0
1.30006, -0, -0, 0, 0
1.3034, -0, -0, 0, 0
1.30673, -0, -0, 0, 0
1.31007, -0, -0, 0, 0
1.3134, -0, -0, 0, 0
1.31673, -0, -0, 0, 0
1.32006, -0, -0, 0, 0
1.3234, -0, -0, 0, 0
1.32673, -0, -0, 0, 0
1.33006, -0, -0, 0, 0
1.3334, -0, -0, 0, 0
1.33673, -0, -0, 0, 0
1.34006, -0, -0, 0, 0
1.3434, -0, -0, 0, 0
1.34673, -0, -0, 0, 0
1.35006, -0, -0, 0, 0
1.3534, -0, -0, 0, 0
1.35673, -0, -0, 0, 0
1.36006, -0, -0, 0, 0
1.3634, -0, -0, 0, 0
1.36673, -0, -0, 0, 0
1.37006, -0, -0, 0, 0
1.3734, -0, -0, 0, 0
1.37673, -0, -0, 0, 0
1.38006, -0, -0, 0, 0
1.38339, -0, -0, 0, 0
1.38673, -0, -0, 0, 0
1.39006, -0, -0, 0, 0
1.39339, -0, -0, 0, 0
1.39673, -0, -0, 0, 0
1.40006, -0, -0, 0, 0
1.40339, -0, -0, 0, 0
1.40673, -0, -0, 0, 0
1.41007, -0, -0, 0, 0
1.41339, -0, -0, 0, 0
1.41673, -0, -0, 0, 0
1.42007, -0, -0, 0, 0
1.42339, -0, -0, 0, 0
1.42673, -0, -0, 0, 0
1.43007, -0, -0, 0, 0
1.43339, -0, -0, 0, 0
1.43673, -0, -0, 0, 0
1.44007, -0, -0, 0, 0
1.4434, -0, -0, 0, 0
1.44673, -0, -0, 0, 0
1.45006, -0, -0, 0, 0
1.4534, -0, -0, 0, 0
1.45672, -0, -0, 0, 0
1.46006, -0, -0, 0, 0
1.4634, -0, -0, 0, 0
1.46673, -0, -0, 0, 0
1.47006, -0, -0, 0, 0
1.4734, -0, -0, 0, 0
1.47673, -0, -0, 0, 0
1.48006, -0, -0, 0, 0
1.48339, -0, -0, 0, 0
1.48673, -0, -0, 0, 0
1.49006, -0, -0, 0, 0
1.49699, -0, -0, 0, 0
1.49699, -0, -0, 0, 0
1.50008, -0, -0, 0, 0
1.5034, -0, -0, 0, 0
1.50673, -0, -0, 0, 0
1.51006, -0, -0, 0, 0
1.5134, -0, -0, 0, 0
1.51672, -0, -0, 0, 0
1.52007, -0, -0, 0, 0
1.52339, -0, -0, 0, 0
1.52673, -0, -0, 0, 0
1.53007, -0, -0, 0, 0
1.5334, -0, -0, 0, 0
1.53673, -0, -0, 0, 0
1.54007, -0, -0, 0, 0
1.54339, -0, -0, 0, 0
1.54673, -0, -0, 0, 0
1.55007, -0, -0, 0, 0
1.55339, -0, -0, 0, 0
1.55673, -0, -0, 0, 0
1.56006, -0, -0, 0, 0
1.5634, -0, -0, 0, 0
1.56673, -0, -0, 0, 0
1.57006, -0, -0, 0, 0
1.5734, -0, -0, 0, 0
1.57673, -0, -0, 0, 0
1.58006, -0, -0, 0, 0
1.5834, -0, -0, 0, 0
1.58673, -0, -0, 0, 0
1.59006, -0, -0, 0, 0
1.59339, -0, -0, 0, 0
1.59673, -0, -0, 0, 0
1.60006, -0, -0, 0, 0
1.6034, -0, -0, 0, 0
1.60673, -0, -0, 0, 0
1.61006, -0, -0, 0, 0
1.6134, -0, -0, 0, 0
1.61673, -0, -0, 0, 0
1.62006, -0, -0, 0, 0
1.62339, -0, -0, 0, 0
1.62673, -0, -0, 0, 0
1.63007, -0, -0, 0, 0
1.63339, -0, -0, 0, 0
1.63673, -0, -0, 0, 0
1.64007, -0, -0, 0, 0
1.6434, -0, -0, 0, 0
1.64673, -0, -0, 0, 0
1.65007, -0, -0, 0, 0
1.6534, -0, -0, 0, 0
1.65673, -0, -0, 0, 0
1.66006, -0, -0, 0, 0
1.6634, -0, -0, 0, 0
1.66673, -0, -0, 0, 0
1.67006, -0, -0, 0, 0
1.6734, -0, -0, 0, 0
1.67673, -0, -0, 0, 0
1.68006, -0, -0, 0, 0
1.68339, -0, -0, 0, 0
1.68673, -0, -0, 0, 0
1.69006, -0, -0, 0, 0
1.6934, -0, -0, 0, 0
1.69673, -0, -0, 0, 0
1.70006, -0, -0, 0, 0
1.70339, -0, -0, 0, 0
1.70673, -0, -0, 0, 0
1.71006, -0, -0, 0, 0
1.7134, -0, -0, 0, 0
1.71674, -0, -0, 0, 0
1.72006, -0, -0, 0, 0
1.7234, -0, -0, 0, 0
1.72674, -0, -0, 0, 0
1.73006, -0, -0, 0, 0
1.7334, -0, -0, 0, 0
1.73674, -0, -0, 0, 0
1.74006, -0, -0, 0, 0
1.7434, -0, -0, 0, 0
1.74673, -0, -0, 0, 0
1.75007, -0, -0, 0, 0
1.7534, -0, -0, 0, 0
1.75673, -0, -0, 0, 0
1.76007, -0, -0, 0, 0
1.7634, -0, -0, 0, 0
1.76673, -0, -0, 0, 0
1.77007, -0, -0, 0, 0
1.7734, -0, -0, 0, 0
1.77673, -0, -0, 0, 0
1.78006, -0, -0, 0, 0
1.7834, -0, -0, 0, 0
1.78673, -0, -0, 0, 0
1.79006, -0, -0, 0, 0
1.7934, -0, -0, 0, 0
1.79673, -0, -0, 0, 0
1.80006, -0, -0, 0, 0
1.80341, -0, -0, 0, 0
1.80673, -0, -0, 0, 0
1.81006, -0, -0, 0, 0
1.8134, -0, -0, 0, 0
1.81674, -0, -0, 0, 0
1.82006, -0, -0, 0, 0
1.82339, -0, -0, 0, 0
1.82674, -0, -0, 0, 0
1.83006, -0, -0, 0, 0
1.8334, -0, -0, 0, 0
1.83673, -0, -0, 0, 0
1.84007, -0, -0, 0, 0
1.8434, -0, -0, 0, 0
1.84673, -0, -0, 0, 0
1.85007, -0, -0, 0, 0
1.8534, -0, -0, 0, 0
1.85673, -0, -0, 0, 0
1.86007, -0, -0, 0, 0
1.8634, -0, -0, 0, 0
1.86673, -0, -0, 0, 0
1.87007, -0, -0, 0, 0
1.8734, -0, -0, 0, 0
1.87673, -0, -0, 0, 0
1.88006, -0, -0, 0, 0
1.8834, -0, -0, 0, 0
1.88673, -0, -0, 0, 0
1.89006, -0, -0, 0, 0
1.8934, -0, -0, 0, 0
1.89673, -0, -0, 0, 0
1.90006, -0, -0, 0, 0
1.9034, -0, -0, 0, 0
1.90673, -0, -0, 0, 0
1.91006, -0, -0, 0, 0
1.91339, -0, -0, 0, 0
1.91674, -0, -0, 0, 0
1.92006, -0, -0, 0, 0
1.9234, -0, -0, 0, 0
1.92674, -0, -0, 0, 0
1.93006, -0, -0, 0, 0
1.9334, -0, -0, 0, 0
1.93673, -0, -0, 0, 0
1.94006, -0, -0, 0, 0
1.9434, -0, -0, 0, 0
1.94674, -0, -0, 0, 0
1.95006, -0, -0, 0, 0
1.9534, -0, -0, 0, 0
1.95673, -0, -0, 0, 0
1.96007, -0, -0, 0, 0
1.9634, -0, -0, 0, 0
1.96673, -0, -0, 0, 0
1.97007, -0, -0, 0, 0
1.9734, -0, -0, 0, 0
1.97673, -0, -0, 0, 0
1.98007, -0, -0, 0, 0
1.9834, -0, -0, 0, 0
1.98673, -0, -0, 0, 0
1.99006, -0, -0, 0, 0
1.9934, -0, -0, 0, 0
1.99673, -0, -0, 0, 0
2.00006, -0, -0, 0, 0
2.0034, -0, -0, 0, 0
2.00673, -0, -0, 0, 0
2.01006, -0, -0, 0, 0
2.0134, -0, -0, 0, 0
2.01674, -0, -0, 0, 0
2.02328, -0, -0, 0, 0
2.0234, -0, -0, 0, 0
2.02676, -0, -0, 0, 0
2.03007, -0, -0, 0, 0
2.0334, -0, -0, 0, 0
2.03674, -0, -0, 0, 0
2.04082, -0, -0, 0, 0
2.0434, -0, -0, 0, 0
2.04674, -0, -0, 0, 0
2.05006, -0, -0, 0, 0
2.05339, -0, -0, 0, 0
2.05674, -0, -0, 0, 0
2.06007, -0, -0, 0, 0
2.0634, -0, -0, 0, 0
2.06673, -0, -0, 0, 0
2.07007, -0, -0, 0, 0
2.07405, -0, -0, 0, 0
2.07673, -0, -0, 0, 0
2.08007, -0, -0, 0, 0
2.0834, -0, -0, 0, 0
2.08673, -0, -0, 0, 0
2.09067, -0, -0, 0, 0
2.0934, -0, -0, 0, 0
2.09673, -0, -0, 0, 0
2.10006, -0, -0, 0, 0
2.10341, -0, -0, 0, 0
2.10674, -0, -0, 0, 0
2.11007, -0, -0, 0, 0
2.11341, -0, -0, 0, 0
2.11673, -0, -0, 0, 0
2.12006, -0, -0, 0, 0
2.1234, -0, -0, 0, 0
2.12674, -0, -0, 0, 0
2.13007, -0, -0, 0, 0
2.1334, -0, -0, 0, 0
2.13674, -0, -0, 0, 0
2.14006, -0, -0, 0, 0
2.1434, -0, -0, 0, 0
2.14674, -0, -0, 0, 0
2.15006, -0, -0, 0, 0
2.1534, -0, -0, 0, 0
2.15674, -0, -0, 0, 0
2.16007, -0, -0, 0, 0
2.1634, -0, -0, 0, 0
2.16674, -0, -0, 0, 0
2.17006, -0, -0, 0, 0
2.1734, -0, -0, 0, 0
2.17673, -0, -0, 0, 0
2.18007, -0, -0, 0, 0
2.1834, -0, -0, 0, 0
2.18673, -0, -0, 0, 0
2.19007, -0, -0, 0, 0
2.1934, -0, -0, 0, 0
2.19673, -0, -0, 0, 0
2.20007, -0, -0, 0, 0
2.2034, -0, -0, 0, 0
2.20673, -0, -0, 0, 0
2.21006, -0, -0, 0, 0
2.2134, -0, -0, 0, 0
2.21673, -0, -0, 0, 0
2.22006, -0, -0, 0, 0
2.22341, -0, -0, 0, 0
2.22673, -0, -0, 0, 0
2.23006, -0, -0, 0, 0
2.2334, -0, -0, 0, 0
2.23673, -0, -0, 0, 0
2.24006, -0, -0, 0, 0
2.2434, -0, -0, 0, 0
2.24674, -0, -0, 0, 0
2.25006, -0, -0, 0, 0
2.2534, -0, -0, 0, 0
2.25673, -0, -0, 0, 0
2.26006, -0, -0, 0, 0
2.2634, -0, -0, 0, 0
2.26674, -0, -0, 0, 0
2.27006, -0, -0, 0, 0
2.2734, -0, -0, 0, 0
2.27673, -0, -0, 0, 0
2.28007, -0, -0, 0, 0
2.2834, -0, -0, 0, 0
2.28673, -0, -0, 0, 0
2.29007, -0, -0, 0, 0
2.2934, -0, -0, 0, 0
2.29673, -0, -0, 0, 0
2.30007, -0, -0, 0, 0
2.30339, -0, -0, 0, 0
2.30673, -0, -0, 0, 0
2.31007, -0, -0, 0, 0
2.31339, -0, -0, 0, 0
2.31673, -0, -0, 0, 0
2.32006, -0, -0, 0, 0
2.3234, -0, -0, 0, 0
2.32673, -0, -0, 0, 0
2.33006, -0, -0, 0, 0
2.3334, -0, -0, 0, 0
2.33673, -0, -0, 0, 0
2.34006, -0, -0, 0, 0
2.3434, -0, -0, 0, 0
2.34673, -0, -0, 0, 0
2.35006, -0, -0, 0, 0
2.35339, -0, -0, 0, 0
2.35673, -0, -0, 0, 0
2.36006, -0, -0, 0, 0
2.36339, -0, -0, 0, 0
2.36673, -0, -0, 0, 0
2.37006, -0, -0, 0, 0
2.3734, -0, -0, 0, 0
2.37673, -0, -0, 0, 0
2.38006, -0, -0, 0, 0
2.3834, -0, -0, 0, 0
2.38673, -0, -0, 0, 0
2.39006, -0, -0, 0, 0
2.3934, -0, -0, 0, 0
2.39673, -0, -0, 0, 0
2.40007, -0, -0, 0, 0
2.40339, -0, -0, 0, 0
2.40673, -0, -0, 0, 0
2.41007, -0, -0, 0, 0
2.41337, -0, -0, 0, 0
2.41673, -0, -0, 0, 0
2.42007, -0, -0, 0, 0
2.4234, -0, -0, 0, 0
2.42673, -0, -0, 0, 0
2.43006, -0, -0, 0, 0
2.4334, -0, -0, 0, 0
2.43673, -0, -0, 0, 0
2.44006, -0, -0, 0, 0
2.4434, -0, -0, 0, 0
2.44673, -0, -0, 0, 0
2.45006, -0, -0, 0, 0
2.4534, -0, -0, 0, 0
2.45673, -0, -0, 0, 0
2.46006, -0, -0, 0, 0
2.4634, -0, -0, 0, 0
2.46674, -0, -0, 0, 0
2.47006, -0, -0, 0, 0
2.4734, -0, -0, 0, 0
2.47674, -0, -0, 0, 0
2.48006, -0, -0, 0, 0
2.48339, -0, -0, 0, 0
2.48673, -0, -0, 0, 0
2.49006, -0, -0, 0, 0
2.4934, -0, -0, 0, 0
2.49674, -0, -0, 0, 0
2.50006, -0, -0, 0, 0
2.50339, -0, -0, 0, 0
2.50673, -0, -0, 0, 0
2.51007, -0, -0, 0, 0
2.5134, -0, -0, 0, 0
2.51673, -0, -0, 0, 0
2.52007, -0, -0, 0, 0
2.5234, -0, -0, 0, 0
2.52673, -0, -0, 0, 0
2.53006, -0, -0, 0, 0
2.5334, -0, -0, 0, 0
2.53673, -0, -0, 0, 0
2.54007, -0, -0, 0, 0
2.5434, -0, -0, 0, 0
2.54673, -0, -0, 0, 0
2.55006, -0, -0, 0, 0
2.5534, -0, -0, 0, 0
2.55673, -0, -0, 0, 0
2.56006, -0, -0, 0, 0
2.56339, -0, -0, 0, 0
2.56673, -0, -0, 0, 0
2.57006, -0, -0, 0, 0
2.5734, -0, -0, 0, 0
2.5768, -0, -0, 0, 0
2.58007, -0, -0, 0, 0
2.5834, -0, -0, 0, 0
2.58679, -0, -0, 0, 0
2.59008, -0, -0, 0, 0
2.59341, -0, -0, 0, 0
2.59675, -0, -0, 0, 0
2.60007, -0, -0, 0, 0
2.60341, -0, -0, 0, 0
2.60688, -0, -0, 0, 0
2.61011, -0, -0, 0, 0
2.61341, -0, -0, 0, 0
2.61673, -0, -0, 0, 0
2.62008, -0, -0, 0, 0
2.6234, -0, -0, 0, 0
2.62674, -0, -0, 0, 0
2.63008, -0, -0, 0, 0
2.63341, -0, -0, 0, 0
2.63675, -0, -0, 0, 0
2.64008, -0, -0, 0, 0
2.64342, -0, -0, 0, 0
2.64673, -0, -0, 0, 0
2.65007, -0, -0, 0, 0
2.65342, -0, -0, 0, 0
2.65675, -0, -0, 0, 0
2.66008, -0, -0, 0, 0
2.66344, -0, -0, 0, 0
2.66675, -0, -0, 0, 0
2.67007, -0, -0, 0, 0
2.6734, -0, -0, 0, 0
2.67674, -0, -0, 0, 0
2.68007, -0, -0, 0, 0
2.68343, -0, -0, 0, 0
2.68674, -0, -0, 0, 0
2.69007, -0, -0, 0, 0
2.6934, -0, -0, 0, 0
2.69674, -0, -0, 0, 0
2.70007, -0, -0, 0, 0
2.7034, -0, -0, 0, 0
2.70674, -0, -0, 0, 0
2.71007, -0, -0, 0, 0
2.7134, -0, -0, 0, 0
2.71673, -0, -0, 0, 0
2.72008, -0, -0, 0, 0
2.7234, -0, -0, 0, 0
2.72673, -0, -0, 0, 0
2.73007, -0, -0, 0, 0
2.7334, -0, -0, 0, 0
2.73673, -0, -0, 0, 0
2.74006, -0, -0, 0, 0
2.74342, -0, -0, 0, 0
2.74674, -0, -0, 0, 0
2.75007, -0, -0, 0, 0
2.75341, -0, -0, 0, 0
2.75673, -0, -0, 0, 0
2.76007, -0, -0, 0, 0
2.76341, -0, -0, 0, 0
2.76674, -0, -0, 0, 0
2.77007, -0, -0, 0, 0
2.77341, -0, -0, 0, 0
2.77673, -0, -0, 0, 0
2.78007, -0, -0, 0, 0
2.7834, -0, -0, 0, 0
2.78674, -0, -0, 0, 0
2.79006, -0, -0, 0, 0
2.7934, -0, -0, 0, 0
2.79673, -0, -0, 0, 0
2.80006, -0, -0, 0, 0
2.80347, -0, -0, 0, 0
2.80674, -0, -0, 0, 0
2.81006, -0, -0, 0, 0
2.8134, -0, -0, 0, 0
2.81674, -0, -0, 0, 0
2.82008, -0, -0, 0, 0
2.8234, -0, -0, 0, 0
2.82673, -0, -0, 0, 0
2.83007, -0, -0, 0, 0
2.83339, -0, -0, 0, 0
2.83673, -0, -0, 0, 0
2.84007, -0, -0, 0, 0
2.8434, -0, -0, 0, 0
2.84673, -0, -0, 0, 0
2.85007, -0, -0, 0, 0
2.8534, -0, -0, 0, 0
2.85673, -0, -0, 0, 0
2.86006, -0, -0, 0, 0
2.86347, -0, -0, 0, 0
2.86673, -0, -0, 0, 0
2.87006, -0, -0, 0, 0
2.87342, -0, -0, 0, 0
2.87674, -0, -0, 0, 0
2.88007, -0, -0, 0, 0
2.88341, -0, -0, 0, 0
2.88673, -0, -0, 0, 0
2.89006, -0, -0, 0, 0
2.89342, -0, -0, 0, 0
2.89673, -0, -0, 0, 0
2.90006, -0, -0, 0, 0
2.9034, -0, -0, 0, 0
2.90674, -0, -0, 0, 0
2.91007, -0, -0, 0, 0
2.9134, -0, -0, 0, 0
2.91674, -0, -0, 0, 0
2.92007, -0, -0, 0, 0
2.9234, -0, -0, 0, 0
2.92673, -0, -0, 0, 0
2.93007, -0, -0, 0, 0
2.9334, -0, -0, 0, 0
2.93673, -0, -0, 0, 0
2.94007, -0, -0, 0, 0
2.9434, -0, -0, 0, 0
2.94673, -0, -0, 0, 0
2.95007, -0, -0, 0, 0
2.95339, -0, -0, 0, 0
2.95673, -0, -0, 0, 0
2.96006, -0, -0, 0, 0
2.96352, -0, -0, 0, 0
2.96673, -0, -0, 0, 0
2.97006, -0, -0, 0, 0
2.97341, -0, -0, 0, 0
2.97673, -0, -0, 0, 0
2.98006, -0, -0, 0, 0
2.9834, -0, -0, 0, 0
2.98673, -0, -0, 0, 0
2.99007, -0, -0, 0, 0
2.99341, -0, -0, 0, 0
2.99673, -0, -0, 0, 0
3.00006, -0, -0, 0, 0
3.0036, -0, -0, 0, 0
3.00676, -0, -0, 0, 0
3.01007, -0, -0, 0, 0
3.0134, -0, -0, 0, 0
3.01674, -0, -0, 0, 0
3.02006, -0, -0, 0, 0
3.02355, -0, -0, 0, 0
3.02674, -0, -0, 0, 0
3.03007, -0, -0, 0, 0
3.03341, -0, -0, 0, 0
3.03675, -0, -0, 0, 0
3.04009, -0, -0, 0, 0
3.04356, -0, -0, 0, 0
3.04673, -0, -0, 0, 0
3.05007, -0, -0, 0, 0
3.0534, -0, -0, 0, 0
3.05725, -0, -0, 0, 0
3.06008, -0, -0, 0, 0
3.0634, -0, -0, 0, 0
3.06674, -0, -0, 0, 0
3.07008, -0, -0, 0, 0
3.0734, -0, -0, 0, 0
3.07674, -0, -0, 0, 0
3.08007, -0, -0, 0, 0
3.08341, -0, -0, 0, 0
3.08673, -0, -0, 0, 0
3.09006, -0, -0, 0, 0
3.09341, -0, -0, 0, 0
3.09674, -0, -0, 0, 0
3.10007, -0, -0, 0, 0
3.10362, -0, -0, 0, 0
3.10694, -0, -0, 0, 0
3.11008, -0, -0, 0, 0
3.1134, -0, -0, 0, 0
3.11674, -0, -0, 0, 0
3.12006, -0, -0, 0, 0
3.12364, -0, -0, 0, 0
3.12695, -0, -0, 0, 0
3.13007, -0, -0, 0, 0
3.1334, -0, -0, 0, 0
3.13674, -0, -0, 0, 0
3.14077, -0, -0, 0, 0
3.1434, -0, -0, 0, 0
3.14674, -0, -0, 0, 0
3.15006, -0, -0, 0, 0
3.1534, -0, -0, 0, 0
3.15673, -0, -0, 0, 0
3.16009, -0, -0, 0, 0
3.16363, -0, -0, 0, 0
3.16673, -0, -0, 0, 0
3.17007, -0, -0, 0, 0
3.1734, -0, -0, 0, 0
3.17674, -0, -0, 0, 0
3.18008, -0, -0, 0, 0
3.1834, -0, -0, 0, 0
3.18673, -0, -0, 0, 0
3.19007, -0, -0, 0, 0
3.19342, -0, -0, 0, 0
3.19674, -0, -0, 0, 0
3.20006, -0, -0, 0, 0
3.20341, -0, -0, 0, 0
3.20673, -0, -0, 0, 0
3.21007, -0, -0, 0, 0
3.21341, -0, -0, 0, 0
3.21673, -0, -0, 0, 0
3.22006, -0, -0, 0, 0
3.2234, -0, -0, 0, 0
3.22674, -0, -0, 0, 0
3.23007, -0, -0, 0, 0
3.2334, -0, -0, 0, 0
3.23674, -0, -0, 0, 0
3.24006, -0, -0, 0, 0
3.24368, -0, -0, 0, 0
3.24674, -0, -0, 0, 0
3.25006, -0, -0, 0, 0
3.2534, -0, -0, 0, 0
3.25674, -0, -0, 0, 0
3.26009, -0, -0, 0, 0
3.26341, -0, -0, 0, 0
3.26673, -0, -0, 0, 0
3.27007, -0, -0, 0, 0
3.2734, -0, -0, 0, 0
3.27673, -0, -0, 0, 0
3.28007, -0, -0, 0, 0
3.28339, -0, -0, 0, 0
3.28693, -0, -0, 0, 0
3.29008, -0, -0, 0, 0
3.29342, -0, -0, 0, 0
3.29674, -0, -0, 0, 0
3.30006, -0, -0, 0, 0
3.30341, -0, -0, 0, 0
3.30673, -0, -0, 0, 0
3.31006, -0, -0, 0, 0
3.3134, -0, -0, 0, 0
3.31673, -0, -0, 0, 0
3.32007, -0, -0, 0, 0
3.3238, -0, -0, 0, 0
3.32674, -0, -0, 0, 0
3.33007, -0, -0, 0, 0
3.3334, -0, -0, 0, 0
3.33675, -0, -0, 0, 0
3.34006, -0, -0, 0, 0
3.3434, -0, -0, 0, 0
3.34673, -0, -0, 0, 0
3.35006, -0, -0, 0, 0
3.35341, -0, -0, 0, 0
3.35675, -0, -0, 0, 0
3.36007, -0, -0, 0, 0
3.3634, -0, -0, 0, 0
3.36673, -0, -0, 0, 0
3.37007, -0, -0, 0, 0
3.37339, -0, -0, 0, 0
3.37673, -0, -0, 0, 0
3.38007, -0, -0, 0, 0
3.3834, -0, -0, 0, 0
3.38675, -0, -0, 0, 0
3.39008, -0, -0, 0, 0
3.3934, -0, -0, 0, 0
3.39673, -0, -0, 0, 0
3.40007, -0, -0, 0, 0
3.40339, -0, -0, 0, 0
3.40673, -0, -0, 0, 0
3.41006, -0, -0, 0, 0
3.4134, -0, -0, 0, 0
3.41674, -0, -0, 0, 0
3.42008, -0, -0, 0, 0
3.42387, -0, -0, 0, 0
3.42673, -0, -0, 0, 0
3.43006, -0, -0, 0, 0
3.4334, -0, -0, 0, 0
3.43673, -0, -0, 0, 0
3.44006, -0, -0, 0, 0
3.4434, -0, -0, 0, 0
3.44675, -0, -0, 0, 0
3.45008, -0, -0, 0, 0
3.45341, -0, -0, 0, 0
3.45674, -0, -0, 0, 0
3.46006, -0, -0, 0, 0
3.46381, -0, -0, 0, 0
3.46674, -0, -0, 0, 0
3.47006, -0, -0, 0, 0
3.4734, -0, -0, 0, 0
3.47673, -0, -0, 0, 0
3.48009, -0, -0, 0, 0
3.4834, -0, -0, 0, 0
3.48674, -0, -0, 0, 0
3.49007, -0, -0, 0, 0
3.4934, -0, -0, 0, 0
3.49673, -0, -0, 0, 0
3.50007, -0, -0, 0, 0
3.50339, -0, -0, 0, 0
3.50673, -0, -0, 0, 0
3.51008, -0, -0, 0, 0
3.51341, -0, -0, 0, 0
3.51674, -0, -0, 0, 0
3.52006, -0, -0, 0, 0
3.52382, -0, -0, 0, 0
3.52673, -0, -0, 0, 0
3.53006, -0, -0, 0, 0
3.5334, -0, -0, 0, 0
3.53673, -0, -0, 0, 0
3.54006, -0, -0, 0, 0
3.54342, -0, -0, 0, 0
3.54674, -0, -0, 0, 0
3.55007, -0, -0, 0, 0
3.5534, -0, -0, 0, 0
3.55674, -0, -0, 0, 0
3.56006, -0, -0, 0, 0
3.56339, -0, -0, 0, 0
3.56673, -0, -0, 0, 0
3.57006, -0, -0, 0, 0
3.5734, -0, -0, 0, 0
3.57677, -0, -0, 0, 0
3.58007, -0, -0, 0, 0
3.5834, -0, -0, 0, 0
3.58674, -0, -0, 0, 0
3.59006, -0, -0, 0, 0
3.59339, -0, -0, 0, 0
3.59673, -0, -0, 0, 0
3.60007, -0, -0, 0, 0
3.6034, -0, -0, 0, 0
3.60675, -0, -0, 0, 0
3.61009, -0, -0, 0, 0
3.6134, -0, -0, 0, 0
3.61673, -0, -0, 0, 0
3.62009, -0, -0, 0, 0
3.6234, -0, -0, 0, 0
3.62673, -0, -0, 0, 0
3.63006, -0, -0, 0, 0
3.6334, -0, -0, 0, 0
3.63674, -0, -0, 0, 0
3.64011, -0, -0, 0, 0
3.64341, -0, -0, 0, 0
3.64674, -0, -0, 0, 0
3.65006, -0, -0, 0, 0
3.6534, -0, -0, 0, 0
3.65674, -0, -0, 0, 0
3.66006, -0, -0, 0, 0
3.66383, -0, -0, 0, 0
3.66701, -0, -0, 0, 0
3.67007, -0, -0, 0, 0
3.6734, -0, -0, 0, 0
3.67674, -0, -0, 0, 0
3.68006, -0, -0, 0, 0
3.6834, -0, -0, 0, 0
3.68673, -0, -0, 0, 0
3.69007, -0, -0, 0, 0
3.6934, -0, -0, 0, 0
3.69673, -0, -0, 0, 0
3.70008, -0, -0, 0, 0
3.70386, -0, -0, 0, 0
3.70674, -0, -0, 0, 0
3.71008, -0, -0, 0, 0
3.7134, -0, -0, 0, 0
3.71673, -0, -0, 0, 0
3.72007, -0, -0, 0, 0
3.7234, -0, -0, 0, 0
3.72673, -0, -0, 0, 0
3.73007, -0, -0, 0, 0
3.73341, -0, -0, 0, 0
3.73674, -0, -0, 0, 0
3.74007, -0, -0, 0, 0
3.74341, -0, -0, 0, 0
3.74673, -0, -0, 0, 0
3.75006, -0, -0, 0, 0
3.7534, -0, -0, 0, 0
3.75673, -0, -0, 0, 0
3.76006, -0, -0, 0, 0
3.76386, -0, -0, 0, 0
3.76675, -0, -0, 0, 0
3.77007, -0, -0, 0, 0
3.7734, -0, -0, 0, 0
3.77674, -0, -0, 0, 0
3.78007, -0, -0, 0, 0
3.78384, -0, -0, 0, 0
3.78674, -0, -0, 0, 0
3.79006, -0, -0, 0, 0
3.7936, -0, -0, 0, 0
3.79675, -0, -0, 0, 0
3.80008, -0, -0, 0, 0
3.8034, -0, -0, 0, 0
3.80674, -0, -0, 0, 0
3.81007, -0, -0, 0, 0
3.8134, -0, -0, 0, 0
3.81673, -0, -0, 0, 0
3.82007, -0, -0, 0, 0
3.8234, -0, -0, 0, 0
3.82674, -0, -0, 0, 0
3.83009, -0, -0, 0, 0
3.83343, -0, -0, 0, 0
3.83673, -0, -0, 0, 0
3.84006, -0, -0, 0, 0
3.8434, -0, -0, 0, 0
3.84678, -0, -0, 0, 0
3.85006, -0, -0, 0, 0
3.8534, -0, -0, 0, 0
3.85673, -0, -0, 0, 0
3.86008, -0, -0, 0, 0
3.86342, -0, -0, 0, 0
3.86673, -0, -0, 0, 0
3.87006, -0, -0, 0, 0
3.8734, -0, -0, 0, 0
3.87674, -0, -0, 0, 0
3.88006, -0, -0, 0, 0
3.88339, -0, -0, 0, 0
3.88673, -0, -0, 0, 0
3.89009, -0, -0, 0, 0
3.89341, -0, -0, 0, 0
3.89675, -0, -0, 0, 0
3.90007, -0, -0, 0, 0
3.9034, -0, -0, 0, 0
3.90673, -0, -0, 0, 0
3.91007, -0, -0, 0, 0
3.9134, -0, -0, 0, 0
3.91673, -0, -0, 0, 0
3.92027, -0, -0, 0, 0
3.92387, -0, -0, 0, 0
3.92676, -0, -0, 0, 0
3.93008, -0, -0, 0, 0
3.9334, -0, -0, 0, 0
3.93673, -0, -0, 0, 0
3.94007, -0, -0, 0, 0
3.9434, -0, -0, 0, 0
3.94673, -0, -0, 0, 0
3.95006, -0, -0, 0, 0
3.95342, -0, -0, 0, 0
3.95676, -0, -0, 0, 0
3.96007, -0, -0, 0, 0
3.96386, -0, -0, 0, 0
3.96674, -0, -0, 0, 0
3.97006, -0, -0, 0, 0
3.9734, -0, -0, 0, 0
3.97673, -0, -0, 0, 0
3.98006, -0, -0, 0, 0
3.98385, -0, -0, 0, 0
3.98676, -0, -0, 0, 0
3.99008, -0, -0, 0, 0
3.99341, -0, -0, 0, 0
3.99674, -0, -0, 0, 0
4.00006, -0, -0, 0, 0
4.0034, -0, -0, 0, 0
4.00674, -0, -0, 0, 0
4.01006, -0, -0, 0, 0
4.0134, -0, -0, 0, 0
4.01675, -0, -0, 0, 0
4.02008, -0, -0, 0, 0
4.02388, -0, -0, 0, 0
4.02673, -0, -0, 0, 0
4.03008, -0, -0, 0, 0
4.0334, -0, -0, 0, 0
4.03673, -0, -0, 0, 0
4.04007, -0, -0, 0, 0
4.04385, -0, -0, 0, 0
4.04673, -0, -0, 0, 0
4.05009, -0, -0, 0, 0
4.05341, -0, -0, 0, 0
4.05673, -0, -0, 0, 0
4.06006, -0, -0, 0, 0
4.06386, -0, -0, 0, 0
4.06675, -0, -0, 0, 0
4.07016, -0, -0, 0, 0
4.07347, -0, -0, 0, 0
4.07674, -0, -0, 0, 0
4.0804, -0, -0, 0, 0
4.08391, -0, -0, 0, 0
4.08674, -0, -0, 0, 0
4.09008, -0, -0, 0, 0
4.09341, -0, -0, 0, 0
4.09673, -0, -0, 0, 0
4.10006, -0, -0, 0, 0
4.1034, -0, -0, 0, 0
4.10674, -0, -0, 0, 0
4.11006, -0, -0, 0, 0
4.1134, -0, -0, 0, 0
4.11674, -0, -0, 0, 0
4.12006, -0, -0, 0, 0
4.1234, -0, -0, 0, 0
4.12673, -0, -0, 0, 0
4.13009, -0, -0, 0, 0
4.1334, -0, -0, 0, 0
4.13673, -0, -0, 0, 0
4.14007, -0, -0, 0, 0
4.1434, -0, -0, 0, 0
4.14673, -0, -0, 0, 0
4.15007, -0, -0, 0, 0
4.1534, -0, -0, 0, 0
4.15673, -0, -0, 0, 0
4.16007, -0, -0, 0, 0
4.16339, -0, -0, 0, 0
4.16673, -0, -0, 0, 0
4.17006, -0, -0, 0, 0
4.1734, -0, -0, 0, 0
4.17673, -0, -0, 0, 0
4.18006, -0, -0, 0, 0
4.18341, -0, -0, 0, 0
4.18673, -0, -0, 0, 0
4.19006, -0, -0, 0, 0
4.1934, -0, -0, 0, 0
4.19673, -0, -0, 0, 0
4.20006, -0, -0, 0, 0
4.20339, -0, -0, 0, 0
4.20674, -0, -0, 0, 0
4.21006, -0, -0, 0, 0
4.21339, -0, -0, 0, 0
4.21674, -0, -0, 0, 0
4.22006, -0, -0, 0, 0
4.2234, -0, -0, 0, 0
4.22674, -0, -0, 0, 0
4.23006, -0, -0, 0, 0
4.23339, -0, -0, 0, 0
4.23673, -0, -0, 0, 0
4.24007, -0, -0, 0, 0
4.2434, -0, -0, 0, 0
4.24673, -0, -0, 0, 0
4.25007, -0, -0, 0, 0
4.25508, -0, -0, 0, 0
4.25674, -0, -0, 0, 0
4.26008, -0, -0, 0, 0
4.2634, -0, -0, 0, 0
4.26697, -0, -0, 0, 0
4.27006, -0, -0, 0, 0
4.27341, -0, -0, 0, 0
4.27674, -0, -0, 0, 0
4.28007, -0, -0, 0, 0
4.28341, -0, -0, 0, 0
4.28673, -0, -0, 0, 0
4.29007, -0, -0, 0, 0
4.29341, -0, -0, 0, 0
4.29673, -0, -0, 0, 0
4.30007, -0, -0, 0, 0
4.30341, -0, -0, 0, 0
4.30674, -0, -0, 0, 0
4.31007, -0, -0, 0, 0
4.3134, -0, -0, 0, 0
4.31674, -0, -0, 0, 0
4.32006, -0, -0, 0, 0
4.3234, -0, -0, 0, 0
4.32675, -0, -0, 0, 0
4.33007, -0, -0, 0, 0
4.3334, -0, -0, 0, 0
4.33674, -0, -0, 0, 0
4.34055, -0, -0, 0, 0
4.34389, -0, -0, 0, 0
4.34678, -0, -0, 0, 0
4.35007, -0, -0, 0, 0
4.3534, -0, -0, 0, 0
4.35673, -0, -0, 0, 0
4.36004, -0, -0, 0, 0
4.3634, -0, -0, 0, 0
4.36673, -0, -0, 0, 0
4.37006, -0, -0, 0, 0
4.37342, -0, -0, 0, 0
4.37673, -0, -0, 0, 0
4.38007, -0, -0, 0, 0
4.3834, -0, -0, 0, 0
4.38673, -0, -0, 0, 0
4.39007, -0, -0, 0, 0
4.39341, -0, -0, 0, 0
4.39673, -0, -0, 0, 0
4.40007, -0, -0, 0, 0
4.4034, -0, -0, 0, 0
4.40673, -0, -0, 0, 0
4.41006, -0, -0, 0, 0
4.4134, -0, -0, 0, 0
4.41673, -0, -0, 0, 0
4.42006, -0, -0, 0, 0
4.42389, -0, -0, 0, 0
4.42673, -0, -0, 0, 0
4.43006, -0, -0, 0, 0
4.4334, -0, -0, 0, 0
4.43674, -0, -0, 0, 0
4.44006, -0, -0, 0, 0
4.4434, -0, -0, 0, 0
4.44676, -0, -0, 0, 0
4.45006, -0, -0, 0, 0
4.4534, -0, -0, 0, 0
4.45673, -0, -0, 0, 0
4.46006, -0, -0, 0, 0
4.4634, -0, -0, 0, 0
4.46673, -0, -0, 0, 0
4.47007, -0, -0, 0, 0
4.4734, -0, -0, 0, 0
4.47673, -0, -0, 0, 0
4.48007, -0, -0, 0, 0
4.48365, -0, -0, 0, 0
4.48673, -0, -0, 0, 0
4.49007, -0, -0, 0, 0
4.4934, -0, -0, 0, 0
4.49673, -0, -0, 0, 0
4.50006, -0, -0, 0, 0
4.5034, -0, -0, 0, 0
4.50673, -0, -0, 0, 0
4.51006, -0, -0, 0, 0
4.5134, -0, -0, 0, 0
4.51673, -0, -0, 0, 0
4.52006, -0, -0, 0, 0
4.5234, -0, -0, 0, 0
4.52674, -0, -0, 0, 0
4.53006, -0, -0, 0, 0
4.5334, -0, -0, 0, 0
4.53674, -0, -0, 0, 0
4.54006, -0, -0, 0, 0
4.54339, -0, -0, 0, 0
4.54685, -0, -0, 0, 0
4.55008, -0, -0, 0, 0
4.55341, -0, -0, 0, 0
4.55674, -0, -0, 0, 0
4.56006, -0, -0, 0, 0
4.5634, -0, -0, 0, 0
4.56673, -0, -0, 0, 0
4.57007, -0, -0, 0, 0
4.5734, -0, -0, 0, 0
4.57673, -0, -0, 0, 0
4.58007, -0, -0, 0, 0
4.5834, -0, -0, 0, 0
4.58673, -0, -0, 0, 0
4.59006, -0, -0, 0, 0
4.5934, -0, -0, 0, 0
4.59673, -0, -0, 0, 0
4.60006, -0, -0, 0, 0
4.6034, -0, -0, 0, 0
4.60673, -0, -0, 0, 0
4.61006, -0, -0, 0, 0
4.6134, -0, -0, 0, 0
4.61673, -0, -0, 0, 0
4.62006, -0, -0, 0, 0
4.6234, -0, -0, 0, 0
4.62673, -0, -0, 0, 0
4.63006, -0, -0, 0, 0
4.6334, -0, -0, 0, 0
4.63674, -0, -0, 0, 0
4.64006, -0, -0, 0, 0
4.6434, -0, -0, 0, 0
4.64674, -0, -0, 0, 0
4.65007, -0, -0, 0, 0
4.6534, -0, -0, 0, 0
4.65674, -0, -0, 0, 0
4.66006, -0, -0, 0, 0
4.6634, -0, -0, 0, 0
4.66674, -0, -0, 0, 0
4.67006, -0, -0, 0, 0
4.6734, -0, -0, 0, 0
4.67673, -0, -0, 0, 0
4.68006, -0, -0, 0, 0
4.6834, -0, -0, 0, 0
4.68673, -0, -0, 0, 0
4.69007, -0, -0, 0, 0
4.6934, -0, -0, 0, 0
4.69673, -0, -0, 0, 0
4.70007, -0, -0, 0, 0
4.7034, -0, -0, 0, 0
4.70673, -0, -0, 0, 0
4.71006, -0, -0, 0, 0
4.7134, -0, -0, 0, 0
4.71673, -0, -0, 0, 0
4.72006, -0, -0, 0, 0
4.7234, -0, -0, 0, 0
4.72673, -0, -0, 0, 0
4.73006, -0, -0, 0, 0
4.7334, -0, -0, 0, 0
4.73673, -0, -0, 0, 0
4.74006, -0, -0, 0, 0
4.74397, -0, -0, 0, 0
4.74674, -0, -0, 0, 0
4.75006, -0, -0, 0, 0
4.7534, -0, -0, 0, 0
4.75674, -0, -0, 0, 0
4.76006, -0, -0, 0, 0
4.76397, -0, -0, 0, 0
4.76674, -0, -0, 0, 0
4.77006, -0, -0, 0, 0
4.7734, -0, -0, 0, 0
4.77673, -0, -0, 0, 0
4.78007, -0, -0, 0, 0
4.7834, -0, -0, 0, 0
4.78673, -0, -0, 0, 0
4.79007, -0, -0, 0, 0
4.7934, -0, -0, 0, 0
4.79673, -0, -0, 0, 0
4.80007, -0, -0, 0, 0
4.8034, -0, -0, 0, 0
4.80673, -0, -0, 0, 0
4.81007, -0, -0, 0, 0
4.8134, -0, -0, 0, 0
4.81673, -0, -0, 0, 0
4.82006, -0, -0, 0, 0
4.8234, -0, -0, 0, 0
4.82673, -0, -0, 0, 0
4.83006, -0, -0, 0, 0
4.8334, -0, -0, 0, 0
4.83673, -0, -0, 0, 0
4.84006, -0, -0, 0, 0
4.84401, -0, -0, 0, 0
4.84673, -0, -0, 0, 0
4.85006, -0, -0, 0, 0
4.8534, -0, -0, 0, 0
4.85674, -0, -0, 0, 0
4.86006, -0, -0, 0, 0
4.8634, -0, -0, 0, 0
4.86674, -0, -0, 0, 0
4.87006, -0, -0, 0, 0
4.87339, -0, -0, 0, 0
4.87673, -0, -0, 0, 0
4.88006, -0, -0, 0, 0
4.88339, -0, -0, 0, 0
4.88673, -0, -0, 0, 0
4.89006, -0, -0, 0, 0
4.89341, -0, -0, 0, 0
4.89673, -0, -0, 0, 0
4.90007, -0, -0, 0, 0
4.90339, -0, -0, 0, 0
4.90673, -0, -0, 0, 0
4.91007, -0, -0, 0, 0
4.91339, -0, -0, 0, 0
4.91673, -0, -0, 0, 0
4.92007, -0, -0, 0, 0
4.92404, -0, -0, 0, 0
4.92673, -0, -0, 0, 0
4.93006, -0, -0, 0, 0
4.9334, -0, -0, 0, 0
4.93673, -0, -0, 0, 0
4.94006, -0, -0, 0, 0
4.94341, -0, -0, 0, 0
4.94673, -0, -0, 0, 0
4.95006, -0, -0, 0, 0
4.9534, -0, -0, 0, 0
4.95673, -0, -0, 0, 0
4.96006, -0, -0, 0, 0
4.9634, -0, -0, 0, 0
4.96673, -0, -0, 0, 0
4.97006, -0, -0, 0, 0
4.97339, -0, -0, 0, 0
4.97674, -0, -0, 0, 0
4.98006, -0, -0, 0, 0
4.98339, -0, -0, 0, 0
4.98673, -0, -0, 0, 0
4.99007, -0, -0, 0, 0
4.9934, -0, -0, 0, 0
4.99673, -0, -0, 0, 0
5.00007, -0, -0, 0, 0
5.00339, -0, -0, 0, 0
5.00673, -0, -0, 0, 0
5.01007, -0, -0, 0, 0
5.01339, -0, -0, 0, 0
5.01673, -0, -0, 0, 0
5.02007, -0, -0, 0, 0
5.0234, -0, -0, 0, 0
5.02673, -0, -0, 0, 0
5.03006, -0, -0, 0, 0
5.0334, -0, -0, 0, 0
5.03673, -0, -0, 0, 0
5.04006, -0, -0, 0, 0
5.0434, -0, -0, 0, 0
5.04673, -0, -0, 0, 0
5.05006, -0, -0, 0, 0
5.0534, -0, -0, 0, 0
5.05673, -0, -0, 0, 0
5.06006, -0, -0, 0, 0
5.0634, -0, -0, 0, 0
5.06673, -0, -0, 0, 0
5.07006, -0, -0, 0, 0
5.0734, -0, -0, 0, 0
5.07674, -0, -0, 0, 0
5.08006, -0, -0, 0, 0
5.0834, -0, -0, 0, 0
5.08673, -0, -0, 0, 0
5.09007, -0, -0, 0, 0
5.0934, -0, -0, 0, 0
5.09674, -0, -0, 0, 0
5.10006, -0, -0, 0, 0
5.1034, -0, -0, 0, 0
5.10674, -0, -0, 0, 0
5.11006, -0, -0, 0, 0
5.1134, -0, -0, 0, 0
5.11673, -0, -0, 0, 0
5.12007, -0, -0, 0, 0
5.1234, -0, -0, 0, 0
5.12673, -0, -0, 0, 0
5.13007, -0, -0, 0, 0
5.1334, -0, -0, 0, 0
5.13674, -0, -0, 0, 0
5.14006, -0, -0, 0, 0
5.14341, -0, -0, 0, 0
5.14673, -0, -0, 0, 0
5.15007, -0, -0, 0, 0
5.1534, -0, -0, 0, 0
5.15673, -0, -0, 0, 0
5.16006, -0, -0, 0, 0
5.1634, -0, -0, 0, 0
5.16673, -0, -0, 0, 0
5.17006, -0, -0, 0, 0
5.1734, -0, -0, 0, 0
5.17672, -0, -0, 0, 0
5.18006, -0, -0, 0, 0
5.1834, -0, -0, 0, 0
5.18673, -0, -0, 0, 0
5.19006, -0, -0, 0, 0
5.19339, -0, -0, 0, 0
5.19674, -0, -0, 0, 0
5.20006, -0, -0, 0, 0
5.20337, -0, -0, 0, 0
5.20674, -0, -0, 0, 0
5.21006, -0, -0, 0, 0
5.2134, -0, -0, 0, 0
5.21674, -0, -0, 0, 0
5.22006, -0, -0, 0, 0
5.22339, -0, -0, 0, 0
5.22673, -0, -0, 0, 0
5.23007, -0, -0, 0, 0
5.23339, -0, -0, 0, 0
5.23673, -0, -0, 0, 0
5.24007, -0, -0, 0, 0
5.24339, -0, -0, 0, 0
5.24673, -0, -0, 0, 0
5.25006, -0, -0, 0, 0
5.2534, -0, -0, 0, 0
5.25673, -0, -0, 0, 0
5.26006, -0, -0, 0, 0
5.26423, -0, -0, 0, 0
5.26673, -0, -0, 0, 0
5.27006, -0, -0, 0, 0
5.27339, -0, -0, 0, 0
5.27673, -0, -0, 0, 0
5.28006, -0, -0, 0, 0
5.2834, -0, -0, 0, 0
5.28673, -0, -0, 0, 0
5.29002, -0, -0, 0, 0
5.2934, -0, -0, 0, 0
5.29673, -0, -0, 0, 0
5.30006, -0, -0, 0, 0
5.30339, -0, -0, 0, 0
5.30673, -0, -0, 0, 0
5.31006, -0, -0, 0, 0
5.3134, -0, -0, 0, 0
5.31673, -0, -0, 0, 0
5.32007, -0, -0, 0, 0
5.32339, -0, -0, 0, 0
5.32673, -0, -0, 0, 0
5.33006, -0, -0, 0, 0
5.3337, -0, -0, 0, 0
5.33673, -0, -0, 0, 0
5.34006, -0, -0, 0, 0
5.34339, -0, -0, 0, 0
5.34673, -0, -0, 0, 0
5.35006, -0, -0, 0, 0
5.3534, -0, -0, 0, 0
5.35673, -0, -0, 0, 0
5.36006, -0, -0, 0, 0
5.36414, -0, -0, 0, 0
5.36705, -0, -0, 0, 0
5.37006, -0, -0, 0, 0
5.3734, -0, -0, 0, 0
5.37673, -0, -0, 0, 0
5.38006, -0, -0, 0, 0
5.3834, -0, -0, 0, 0
5.38673, -0, -0, 0, 0
5.39006, -0, -0, 0, 0
5.39339, -0, -0, 0, 0
5.39673, -0, -0, 0, 0
5.40007, -0, -0, 0, 0
5.4034, -0, -0, 0, 0
5.40673, -0, -0, 0, 0
5.41006, -0, -0, 0, 0
5.41353, -0, -0, 0, 0
5.41673, -0, -0, 0, 0
5.42006, -0, -0, 0, 0
5.4234, -0, -0, 0, 0
5.42673, -0, -0, 0, 0
5.43007, -0, -0, 0, 0
5.4334, -0, -0, 0, 0
5.43673, -0, -0, 0, 0
5.44007, -0, -0, 0, 0
5.4434, -0, -0, 0, 0
5.44673, -0, -0, 0, 0
5.45008, -0, -0, 0, 0
5.45339, -0, -0, 0, 0
5.45673, -0, -0, 0, 0
5.46007, -0, -0, 0, 0
5.46414, -0, -0, 0, 0
5.46714, -0, -0, 0, 0
5.47006, -0, -0, 0, 0
5.4734, -0, -0, 0, 0
5.47673, -0, -0, 0, 0
5.48006, -0, -0, 0, 0
5.4834, -0, -0, 0, 0
5.48673, -0, -0, 0, 0
5.49006, -0, -0, 0, 0
5.4934, -0, -0, 0, 0
5.49673, -0, -0, 0, 0
5.50006, -0, -0, 0, 0
5.5034, -0, -0, 0, 0
5.50673, -0, -0, 0, 0
5.51006, -0, -0, 0, 0
5.51339, -0, -0, 0, 0
5.51673, -0, -0, 0, 0
5.52006, -0, -0, 0, 0
5.5234, -0, -0, 0, 0
5.52674, -0, -0, 0, 0
5.53006, -0, -0, 0, 0
5.5334, -0, -0, 0, 0
5.53686, -0, -0, 0, 0
5.54006, -0, -0, 0, 0
5.5434, -0, -0, 0, 0
5.54673, -0, -0, 0, 0
5.55007, -0, -0, 0, 0
5.5534, -0, -0, 0, 0
5.55673, -0, -0, 0, 0
5.56007, -0, -0, 0, 0
5.56415, -0, -0, 0, 0
5.56673, -0, -0, 0, 0
5.57006, -0, -0, 0, 0
5.5734, -0, -0, 0, 0
5.57673, -0, -0, 0, 0
5.58006, -0, -0, 0, 0
5.58416, -0, -0, 0, 0
5.58673, -0, -0, 0, 0
5.59006, -0, -0, 0, 0
5.5934, -0, -0, 0, 0
5.59673, -0, -0, 0, 0
5.60006, -0, -0, 0, 0
5.6034, -0, -0, 0, 0
5.60673, -0, -0, 0, 0
5.61006, -0, -0, 0, 0
5.6134, -0, -0, 0, 0
5.61673, -0, -0, 0, 0
5.62006, -0, -0, 0, 0
5.62415, -0, -0, 0, 0
5.62673, -0, -0, 0, 0
5.63006, -0, -0, 0, 0
5.6334, -0, -0, 0, 0
5.63674, -0, -0, 0, 0
5.64006, -0, -0, 0, 0
5.64339, -0, -0, 0, 0
5.64673, -0, -0, 0, 0
5.65007, -0, -0, 0, 0
5.6534, -0, -0, 0, 0
5.65673, -0, -0, 0, 0
5.66007, -0, -0, 0, 0
5.66416, -0, -0, 0, 0
5.66673, -0, -0, 0, 0
5.67007, -0, -0, 0, 0
5.6734, -0, -0, 0, 0
5.67673, -0, -0, 0, 0
5.68007, -0, -0, 0, 0
5.68419, -0, -0, 0, 0
5.68674, -0, -0, 0, 0
5.69008, -0, -0, 0, 0
5.69341, -0, -0, 0, 0
5.69673, -0, -0, 0, 0
5.70006, -0, -0, 0, 0
5.70374, -0, -0, 0, 0
5.70675, -0, -0, 0, 0
5.71006, -0, -0, 0, 0
5.7134, -0, -0, 0, 0
5.71673, -0, -0, 0, 0
5.72006, -0, -0, 0, 0
5.72418, -0, -0, 0, 0
5.72674, -0, -0, 0, 0
5.73006, -0, -0, 0, 0
5.734, -0, -0, 0, 0
5.73674, -0, -0, 0, 0
5.74006, -0, -0, 0, 0
5.74339, -0, -0, 0, 0
5.74673, -0, -0, 0, 0
5.75006, -0, -0, 0, 0
5.7534, -0, -0, 0, 0
5.75673, -0, -0, 0, 0
5.76007, -0, -0, 0, 0
5.76417, -0, -0, 0, 0
5.76673, -0, -0, 0, 0
5.77007, -0, -0, 0, 0
5.7734, -0, -0, 0, 0
5.77673, -0, -0, 0, 0
5.78007, -0, -0, 0, 0
5.7834, -0, -0, 0, 0
5.78673, -0, -0, 0, 0
5.79007, -0, -0, 0, 0
5.79339, -0, -0, 0, 0
5.79673, -0, -0, 0, 0
5.80006, -0, -0, 0, 0
5.8034, -0, -0, 0, 0
5.80673, -0, -0, 0, 0
5.81006, -0, -0, 0, 0
5.8134, -0, -0, 0, 0
5.81673, -0, -0, 0, 0
5.82006, -0, -0, 0, 0
5.82423, -0, -0, 0, 0
5.82673, -0, -0, 0, 0
5.83006, -0, -0, 0, 0
5.83404, -0, -0, 0, 0
5.83673, -0, -0, 0, 0
5.84006, -0, -0, 0, 0
5.84339, -0, -0, 0, 0
5.84674, -0, -0, 0, 0
5.85006, -0, -0, 0, 0
5.8534, -0, -0, 0, 0
5.85674, -0, -0, 0, 0
5.86006, -0, -0, 0, 0
5.86417, -0, -0, 0, 0
5.86674, -0, -0, 0, 0
5.87007, -0, -0, 0, 0
5.8734, -0, -0, 0, 0
5.87673, -0, -0, 0, 0
5.88007, -0, -0, 0, 0
5.88343, -0, -0, 0, 0
5.88674, -0, -0, 0, 0
5.89007, -0, -0, 0, 0
5.8934, -0, -0, 0, 0
5.89673, -0, -0, 0, 0
5.90009, -0, -0, 0, 0
5.9042, -0, -0, 0, 0
5.90673, -0, -0, 0, 0
5.91006, -0, -0, 0, 0
5.91341, -0, -0, 0, 0
5.91675, -0, -0, 0, 0
5.92007, -0, -0, 0, 0
5.92341, -0, -0, 0, 0
5.92673, -0, -0, 0, 0
5.93006, -0, -0, 0, 0
5.9334, -0, -0, 0, 0
5.93674, -0, -0, 0, 0
5.94007, -0, -0, 0, 0
5.9434, -0, -0, 0, 0
5.94674, -0, -0, 0, 0
5.95012, -0, -0, 0, 0
5.9534, -0, -0, 0, 0
5.95674, -0, -0, 0, 0
5.96006, -0, -0, 0, 0
5.9634, -0, -0, 0, 0
5.96694, -0, -0, 0, 0
5.97007, -0, -0, 0, 0
5.9734, -0, -0, 0, 0
5.97673, -0, -0, 0, 0
5.98008, -0, -0, 0, 0
5.9834, -0, -0, 0, 0
5.98674, -0, -0, 0, 0
5.99008, -0, -0, 0, 0
5.9934, -0, -0, 0, 0
5.99673, -0, -0, 0, 0
6.00008, -0, -0, 0, 0
6.0034, -0, -0, 0, 0
6.00673, -0, -0, 0, 0
6.01006, -0, -0, 0, 0
6.01341, -0, -0, 0, 0
6.01673, -0, -0, 0, 0
6.02006, -0, -0, 0, 0
6.0242, -0, -0, 0, 0
6.02673, -0, -0, 0, 0
6.03006, -0, -0, 0, 0
6.0334, -0, -0, 0, 0
6.03673, -0, -0, 0, 0
6.04006, -0, -0, 0, 0
6.0434, -0, -0, 0, 0
6.04673, -0, -0, 0, 0
6.05006, -0, -0, 0, 0
6.0534, -0, -0, 0, 0
6.05674, -0, -0, 0, 0
6.06006, -0, -0, 0, 0
6.0642, -0, -0, 0, 0
6.06674, -0, -0, 0, 0
6.07006, -0, -0, 0, 0
6.0734, -0, -0, 0, 0
6.07674, -0, -0, 0, 0
6.08006, -0, -0, 0, 0
6.0834, -0, -0, 0, 0
6.08673, -0, -0, 0, 0
6.09007, -0, -0, 0, 0
6.09339, -0, -0, 0, 0
6.09674, -0, -0, 0, 0
6.10007, -0, -0, 0, 0
6.10419, -0, -0, 0, 0
6.10673, -0, -0, 0, 0
6.11006, -0, -0, 0, 0
6.1134, -0, -0, 0, 0
6.11674, -0, -0, 0, 0
6.12006, -0, -0, 0, 0
6.1234, -0, -0, 0, 0
6.12673, -0, -0, 0, 0
6.13006, -0, -0, 0, 0
6.1334, -0, -0, 0, 0
6.13673, -0, -0, 0, 0
6.14006, -0, -0, 0, 0
6.1434, -0, -0, 0, 0
6.14673, -0, -0, 0, 0
6.15006, -0, -0, 0, 0
6.1534, -0, -0, 0, 0
6.15673, -0, -0, 0, 0
6.16006, -0, -0, 0, 0
6.1642, -0, -0, 0, 0
6.16673, -0, -0, 0, 0
6.17006, -0, -0, 0, 0
6.1734, -0, -0, 0, 0
6.17673, -0, -0, 0, 0
6.18006, -0, -0, 0, 0
6.1834, -0, -0, 0, 0
6.18673, -0, -0, 0, 0
6.19006, -0, -0, 0, 0
6.1934, -0, -0, 0, 0
6.19673, -0, -0, 0, 0
6.20006, -0, -0, 0, 0
6.2034, -0, -0, 0, 0
6.20673, -0, -0, 0, 0
6.21006, -0, -0, 0, 0
6.2134, -0, -0, 0, 0
6.21673, -0, -0, 0, 0
6.22015, -0, -0, 0, 0
6.22346, -0, -0, 0, 0
6.22774, -0, -0, 0, 0
6.23007, -0, -0, 0, 0
6.23341, -0, -0, 0, 0
6.23674, -0, -0, 0, 0
6.24014, -0, -0, 0, 0
6.24343, -0, -0, 0, 0
6.24674, -0, -0, 0, 0
6.25007, -0, -0, 0, 0
6.25341, -0, -0, 0, 0
6.25675, -0, -0, 0, 0
6.26007, -0, -0, 0, 0
6.26422, -0, -0, 0, 0
6.26673, -0, -0, 0, 0
6.27007, -0, -0, 0, 0
6.2734, -0, -0, 0, 0
6.27673, -0, -0, 0, 0
6.28007, -0, -0, 0, 0
6.2834, -0, -0, 0, 0
6.28673, -0, -0, 0, 0
6.29007, -0, -0, 0, 0
6.2934, -0, -0, 0, 0
6.29673, -0, -0, 0, 0
6.30006, -0, -0, 0, 0
6.3034, -0, -0, 0, 0
6.30673, -0, -0, 0, 0
6.31007, -0, -0, 0, 0
6.3134, -0, -0, 0, 0
6.31673, -0, -0, 0, 0
6.32007, -0, -0, 0, 0
6.32422, -0, -0, 0, 0
6.32673, -0, -0, 0, 0
6.33006, -0, -0, 0, 0
6.3334, -0, -0, 0, 0
6.33673, -0, -0, 0, 0
6.34006, -0, -0, 0, 0
6.3434, -0, -0, 0, 0
6.34673, -0, -0, 0, 0
6.35006, -0, -0, 0, 0
6.35339, -0, -0, 0, 0
6.35674, -0, -0, 0, 0
6.36006, -0, -0, 0, 0
6.36342, -0, -0, 0, 0
6.36674, -0, -0, 0, 0
6.37006, -0, -0, 0, 0
6.3734, -0, -0, 0, 0
6.37673, -0, -0, 0, 0
6.38006, -0, -0, 0, 0
6.3834, -0, -0, 0, 0
6.38673, -0, -0, 0, 0
6.39006, -0, -0, 0, 0
6.3934, -0, -0, 0, 0
6.39674, -0, -0, 0, 0
6.40006, -0, -0, 0, 0
6.4034, -0, -0, 0, 0
6.40674, -0, -0, 0, 0
6.41006, -0, -0, 0, 0
6.41339, -0, -0, 0, 0
6.41673, -0, -0, 0, 0
6.42006, -0, -0, 0, 0
6.42424, -0, -0, 0, 0
6.42675, -0, -0, 0, 0
6.43008, -0, -0, 0, 0
6.4334, -0, -0, 0, 0
6.43673, -0, -0, 0, 0
6.44007, -0, -0, 0, 0
6.4434, -0, -0, 0, 0
6.44674, -0, -0, 0, 0
6.45007, -0, -0, 0, 0
6.45341, -0, -0, 0, 0
6.45673, -0, -0, 0, 0
6.46007, -0, -0, 0, 0
6.46425, -0, -0, 0, 0
6.46673, -0, -0, 0, 0
6.47006, -0, -0, 0, 0
6.4734, -0, -0, 0, 0
6.47674, -0, -0, 0, 0
6.48007, -0, -0, 0, 0
6.4834, -0, -0, 0, 0
6.48674, -0, -0, 0, 0
6.49006, -0, -0, 0, 0
6.4934, -0, -0, 0, 0
6.49674, -0, -0, 0, 0
6.50007, -0, -0, 0, 0
6.5034, -0, -0, 0, 0
6.50674, -0, -0, 0, 0
6.51007, -0, -0, 0, 0
6.5134, -0, -0, 0, 0
6.51675, -0, -0, 0, 0
6.52006, -0, -0, 0, 0
6.5234, -0, -0, 0, 0
6.52674, -0, -0, 0, 0
6.53008, -0, -0, 0, 0
6.5334, -0, -0, 0, 0
6.53673, -0, -0, 0, 0
6.54007, -0, -0, 0, 0
6.54341, -0, -0, 0, 0
6.54673, -0, -0, 0, 0
6.55007, -0, -0, 0, 0
6.5534, -0, -0, 0, 0
6.55673, -0, -0, 0, 0
6.56007, -0, -0, 0, 0
6.56341, -0, -0, 0, 0
6.56673, -0, -0, 0, 0
6.57006, -0, -0, 0, 0
6.5734, -0, -0, 0, 0
6.57673, -0, -0, 0, 0
6.58006, -0, -0, 0, 0
6.5834, -0, -0, 0, 0
6.58673, -0, -0, 0, 0
6.59006, -0, -0, 0, 0
6.5934, -0, -0, 0, 0
6.59673, -0, -0, 0, 0
6.60006, -0, -0, 0, 0
6.6034, -0, -0, 0, 0
6.60673, -0, -0, 0, 0
6.61006, -0, -0, 0, 0
6.61339, -0, -0, 0, 0
6.61673, -0, -0, 0, 0
6.62006, -0, -0, 0, 0
6.62337, -0, -0, 0, 0
6.62673, -0, -0, 0, 0
6.63006, -0, -0, 0, 0
6.63339, -0, -0, 0, 0
6.63673, -0, -0, 0, 0
6.64007, -0, -0, 0, 0
6.64339, -0, -0, 0, 0
6.64673, -0, -0, 0, 0
6.65007, -0, -0, 0, 0
6.6534, -0, -0, 0, 0
6.65673, -0, -0, 0, 0
6.66006, -0, -0, 0, 0
6.66433, -0, -0, 0, 0
6.66673, -0, -0, 0, 0
6.67006, -0, -0, 0, 0
6.6734, -0, -0, 0, 0
6.67673, -0, -0, 0, 0
6.68007, -0, -0, 0, 0
6.68342, -0, -0, 0, 0
6.68673, -0, -0, 0, 0
6.69006, -0, -0, 0, 0
6.6934, -0, -0, 0, 0
6.69673, -0, -0, 0, 0
6.70006, -0, -0, 0, 0
6.70339, -0, -0, 0, 0
6.70673, -0, -0, 0, 0
6.71006, -0, -0, 0, 0
6.7134, -0, -0, 0, 0
6.71673, -0, -0, 0, 0
6.72006, -0, -0, 0, 0
6.72339, -0, -0, 0, 0
6.72673, -0, -0, 0, 0
6.73007, -0, -0, 0, 0
6.73339, -0, -0, 0, 0
6.73673, -0, -0, 0, 0
6.74007, -0, -0, 0, 0
6.74339, -0, -0, 0, 0
6.74673, -0, -0, 0, 0
6.75007, -0, -0, 0, 0
6.75339, -0, -0, 0, 0
6.75673, -0, -0, 0, 0
6.76007, -0, -0, 0, 0
6.76437, -0, -0, 0, 0
6.76673, -0, -0, 0, 0
6.77007, -0, -0, 0, 0
6.77339, -0, -0, 0, 0
6.77673, -0, -0, 0, 0
6.78006, -0, -0, 0, 0
6.78341, -0, -0, 0, 0
6.78673, -0, -0, 0, 0
6.79006, -0, -0, 0, 0
6.7934, -0, -0, 0, 0
6.79673, -0, -0, 0, 0
6.80006, -0, -0, 0, 0
6.8034, -0, -0, 0, 0
6.80673, -0, -0, 0, 0
6.81006, -0, -0, 0, 0
6.81339, -0, -0, 0, 0
6.81673, -0, -0, 0, 0
6.82006, -0, -0, 0, 0
6.8234, -0, -0, 0, 0
6.82673, -0, -0, 0, 0
6.83006, -0, -0, 0, 0
6.8334, -0, -0, 0, 0
6.83673, -0, -0, 0, 0
6.84006, -0, -0, 0, 0
6.8434, -0, -0, 0, 0
6.84673, -0, -0, 0, 0
6.85006, -0, -0, 0, 0
6.85339, -0, -0, 0, 0
6.85673, -0, -0, 0, 0
6.86007, -0, -0, 0, 0
6.86339, -0, -0, 0, 0
6.86673, -0, -0, 0, 0
6.87007, -0, -0, 0, 0
6.87339, -0, -0, 0, 0
6.87673, -0, -0, 0, 0
6.88006, -0, -0, 0, 0
6.8834, -0, -0, 0, 0
6.88673, -0, -0, 0, 0
6.89006, -0, -0, 0, 0
6.8934, -0, -0, 0, 0
6.89673, -0, -0, 0, 0
6.90006, -0, -0, 0, 0
6.9034, -0, -0, 0, 0
6.90673, -0, -0, 0, 0
6.91006, -0, -0, 0, 0
6.9134, -0, -0, 0, 0
6.91673, -0, -0, 0, 0
6.92006, -0, -0, 0, 0
6.92339, -0, -0, 0, 0
6.92673, -0, -0, 0, 0
6.93017, -0, -0, 0, 0
6.93339, -0, -0, 0, 0
6.93674, -0, -0, 0, 0
6.94006, -0, -0, 0, 0
6.94339, -0, -0, 0, 0
6.94673, -0, -0, 0, 0
6.95006, -0, -0, 0, 0
6.95339, -0, -0, 0, 0
6.95673, -0, -0, 0, 0
6.96006, -0, -0, 0, 0
6.9634, -0, -0, 0, 0
6.96673, -0, -0, 0, 0
6.97007, -0, -0, 0, 0
6.97339, -0, -0, 0, 0
6.97673, -0, -0, 0, 0
6.98007, -0, -0, 0, 0
6.98339, -0, -0, 0, 0
6.98673, -0, -0, 0, 0
6.99007, -0, -0, 0, 0
6.9934, -0, -0, 0, 0
6.99673, -0, -0, 0, 0
7.00006, -0, -0, 0, 0
7.0034, -0, -0, 0, 0
7.00673, -0, -0, 0, 0
7.01006, -0, -0, 0, 0
7.0134, -0, -0, 0, 0
7.01673, -0, -0, 0, 0
7.02006, -0, -0, 0, 0
7.0234, -0, -0, 0, 0
7.02673, -0, -0, 0, 0
7.03006, -0, -0, 0, 0
7.03339, -0, -0, 0, 0
7.03674, -0, -0, 0, 0
7.04006, -0, -0, 0, 0
7.04339, -0, -0, 0, 0
7.04674, -0, -0, 0, 0
7.05006, -0, -0, 0, 0
7.05352, -0, -0, 0, 0
7.05674, -0, -0, 0, 0
7.06006, -0, -0, 0, 0
7.06339, -0, -0, 0, 0
7.06673, -0, -0, 0, 0
7.07006, -0, -0, 0, 0
7.07339, -0, -0, 0, 0
7.07673, -0, -0, 0, 0
7.08007, -0, -0, 0, 0
7.08339, -0, -0, 0, 0
7.08673, -0, -0, 0, 0
7.09007, -0, -0, 0, 0
7.09339, -0, -0, 0, 0
7.09673, -0, -0, 0, 0
7.10007, -0, -0, 0, 0
7.10339, -0, -0, 0, 0
7.10673, -0, -0, 0, 0
7.11009, -0, -0, 0, 0
7.11341, -0, -0, 0, 0
7.11676, -0, -0, 0, 0
7.12008, -0, -0, 0, 0
7.12343, -0, -0, 0, 0
7.12674, -0, -0, 0, 0
7.13007, -0, -0, 0, 0
7.13341, -0, -0, 0, 0
7.13674, -0, -0, 0, 0
7.14008, -0, -0, 0, 0
7.14343, -0, -0, 0, 0
7.14674, -0, -0, 0, 0
7.15008, -0, -0, 0, 0
7.15341, -0, -0, 0, 0
7.15677, -0, -0, 0, 0
7.16008, -0, -0, 0, 0
7.16341, -0, -0, 0, 0
7.16675, -0, -0, 0, 0
7.1701, -0, -0, 0, 0
7.17341, -0, -0, 0, 0
7.17676, -0, -0, 0, 0
7.18011, -0, -0, 0, 0
7.18341, -0, -0, 0, 0
7.18674, -0, -0, 0, 0
7.19008, -0, -0, 0, 0
7.1934, -0, -0, 0, 0
7.19674, -0, -0, 0, 0
7.20009, -0, -0, 0, 0
7.2034, -0, -0, 0, 0
7.20673, -0, -0, 0, 0
7.21008, -0, -0, 0, 0
7.2134, -0, -0, 0, 0
7.21674, -0, -0, 0, 0
7.22008, -0, -0, 0, 0
7.22342, -0, -0, 0, 0
7.22674, -0, -0, 0, 0
7.23007, -0, -0, 0, 0
7.23342, -0, -0, 0, 0
7.23674, -0, -0, 0, 0
7.24007, -0, -0, 0, 0
7.24341, -0, -0, 0, 0
7.24674, -0, -0, 0, 0
7.25007, -0, -0, 0, 0
7.25341, -0, -0, 0, 0
7.25675, -0, -0, 0, 0
7.26007, -0, -0, 0, 0
7.2634, -0, -0, 0, 0
7.26674, -0, -0, 0, 0
7.27007, -0, -0, 0, 0
7.2734, -0, -0, 0, 0
7.27673, -0, -0, 0, 0
7.28008, -0, -0, 0, 0
7.2834, -0, -0, 0, 0
7.28673, -0, -0, 0, 0
7.29008, -0, -0, 0, 0
7.2934, -0, -0, 0, 0
7.29673, -0, -0, 0, 0
7.30007, -0, -0, 0, 0
7.30339, -0, -0, 0, 0
7.30673, -0, -0, 0, 0
7.31007, -0, -0, 0, 0
7.31339, -0, -0, 0, 0
7.31673, -0, -0, 0, 0
7.32006, -0, -0, 0, 0
7.3234, -0, -0, 0, 0
7.32673, -0, -0, 0, 0
7.33006, -0, -0, 0, 0
7.3334, -0, -0, 0, 0
7.33673, -0, -0, 0, 0
7.34006, -0, -0, 0, 0
7.3434, -0, -0, 0, 0
7.34673, -0, -0, 0, 0
7.35006, -0, -0, 0, 0
7.3534, -0, -0, 0, 0
7.35673, -0, -0, 0, 0
7.36006, -0, -0, 0, 0
7.36339, -0, -0, 0, 0
7.36674, -0, -0, 0, 0
7.37006, -0, -0, 0, 0
7.37342, -0, -0, 0, 0
7.37674, -0, -0, 0, 0
7.38008, -0, -0, 0, 0
7.3834, -0, -0, 0, 0
7.38673, -0, -0, 0, 0
7.39007, -0, -0, 0, 0
7.3934, -0, -0, 0, 0
7.39674, -0, -0, 0, 0
7.40009, -0, -0, 0, 0
7.40341, -0, -0, 0, 0
7.40674, -0, -0, 0, 0
7.41008, -0, -0, 0, 0
7.41342, -0, -0, 0, 0
7.41674, -0, -0, 0, 0
7.42007, -0, -0, 0, 0
7.4234, -0, -0, 0, 0
7.42673, -0, -0, 0, 0
7.43006, -0, -0, 0, 0
7.43344, -0, -0, 0, 0
7.43673, -0, -0, 0, 0
7.44006, -0, -0, 0, 0
7.4434, -0, -0, 0, 0
7.44674, -0, -0, 0, 0
7.45006, -0, -0, 0, 0
7.4534, -0, -0, 0, 0
7.45673, -0, -0, 0, 0
7.46007, -0, -0, 0, 0
7.4634, -0, -0, 0, 0
7.46674, -0, -0, 0, 0
7.47007, -0, -0, 0, 0
7.4734, -0, -0, 0, 0
7.47674, -0, -0, 0, 0
7.48006, -0, -0, 0, 0
7.4834, -0, -0, 0, 0
7.48672, -0, -0, 0, 0
7.49006, -0, -0, 0, 0
7.49341, -0, -0, 0, 0
7.49679, -0, -0, 0, 0
7.50009, -0, -0, 0, 0
7.50341, -0, -0, 0, 0
7.50673, -0, -0, 0, 0
7.51007, -0, -0, 0, 0
7.5134, -0, -0, 0, 0
7.51673, -0, -0, 0, 0
7.52007, -0, -0, 0, 0
7.5234, -0, -0, 0, 0
7.52673, -0, -0, 0, 0
7.53019, -0, -0, 0, 0
7.53346, -0, -0, 0, 0
7.53675, -0, -0, 0, 0
7.54007, -0, -0, 0, 0
7.54341, -0, -0, 0, 0
7.54673, -0, -0, 0, 0
7.55006, -0, -0, 0, 0
7.55341, -0, -0, 0, 0
7.55677, -0, -0, 0, 0
7.56007, -0, -0, 0, 0
7.56341, -0, -0, 0, 0
7.56674, -0, -0, 0, 0
7.57007, -0, -0, 0, 0
7.57341, -0, -0, 0, 0
7.57676, -0, -0, 0, 0
7.58007, -0, -0, 0, 0
7.5834, -0, -0, 0, 0
7.58674, -0, -0, 0, 0
7.59008, -0, -0, 0, 0
7.59341, -0, -0, 0, 0
7.59675, -0, -0, 0, 0
7.60007, -0, -0, 0, 0
7.60341, -0, -0, 0, 0
7.60678, -0, -0, 0, 0
7.61008, -0, -0, 0, 0
7.6134, -0, -0, 0, 0
7.61673, -0, -0, 0, 0
7.62009, -0, -0, 0, 0
7.62342, -0, -0, 0, 0
7.62674, -0, -0, 0, 0
7.63008, -0, -0, 0, 0
7.6334, -0, -0, 0, 0
7.63674, -0, -0, 0, 0
7.64008, -0, -0, 0, 0
7.64342, -0, -0, 0, 0
7.64677, -0, -0, 0, 0
7.65007, -0, -0, 0, 0
7.6534, -0, -0, 0, 0
7.65675, -0, -0, 0, 0
7.66008, -0, -0, 0, 0
7.66341, -0, -0, 0, 0
7.66673, -0, -0, 0, 0
7.67006, -0, -0, 0, 0
7.67341, -0, -0, 0, 0
7.67676, -0, -0, 0, 0
7.68008, -0, -0, 0, 0
7.68341, -0, -0, 0, 0
7.68674, -0, -0, 0, 0
7.69008, -0, -0, 0, 0
7.69341, -0, -0, 0, 0
7.69674, -0, -0, 0, 0
7.70007, -0, -0, 0, 0
7.7034, -0, -0, 0, 0
7.70674, -0, -0, 0, 0
7.71007, -0, -0, 0, 0
7.71343, -0, -0, 0, 0
7.71676, -0, -0, 0, 0
7.72007, -0, -0, 0, 0
7.7234, -0, -0, 0, 0
7.72673, -0, -0, 0, 0
7.73008, -0, -0, 0, 0
7.7334, -0, -0, 0, 0
7.73673, -0, -0, 0, 0
7.74007, -0, -0, 0, 0
7.7434, -0, -0, 0, 0
7.74684, -0, -0, 0, 0
7.75009, -0, -0, 0, 0
7.75343, -0, -0, 0, 0
7.75674, -0, -0, 0, 0
7.76007, -0, -0, 0, 0
7.76341, -0, -0, 0, 0
7.76673, -0, -0, 0, 0
7.77006, -0, -0, 0, 0
7.77341, -0, -0, 0, 0
7.77673, -0, -0, 0, 0
7.78007, -0, -0, 0, 0
7.78344, -0, -0, 0, 0
7.78676, -0, -0, 0, 0
7.79008, -0, -0, 0, 0
7.7934, -0, -0, 0, 0
7.79675, -0, -0, 0, 0
7.80007, -0, -0, 0, 0
7.8034, -0, -0, 0, 0
7.80674, -0, -0, 0, 0
7.81006, -0, -0, 0, 0
7.81341, -0, -0, 0, 0
7.81677, -0, -0, 0, 0
7.8201, -0, -0, 0, 0
7.82343, -0, -0, 0, 0
7.82676, -0, -0, 0, 0
7.83008, -0, -0, 0, 0
7.8334, -0, -0, 0, 0
7.83673, -0, -0, 0, 0
7.84007, -0, -0, 0, 0
7.8434, -0, -0, 0, 0
7.84696, -0, -0, 0, 0
7.85013, -0, -0, 0, 0
7.85354, -0, -0, 0, 0
7.85675, -0, -0, 0, 0
7.86008, -0, -0, 0, 0
7.86341, -0, -0, 0, 0
7.86675, -0, -0, 0, 0
7.87007, -0, -0, 0, 0
7.87341, -0, -0, 0, 0
7.87673, -0, -0, 0, 0
7.88009, -0, -0, 0, 0
7.88343, -0, -0, 0, 0
7.88674, -0, -0, 0, 0
7.89007, -0, -0, 0, 0
7.8934, -0, -0, 0, 0
7.89675, -0, -0, 0, 0
7.90007, -0, -0, 0, 0
7.90341, -0, -0, 0, 0
7.90673, -0, -0, 0, 0
7.91007, -0, -0, 0, 0
7.9134, -0, -0, 0, 0
7.91674, -0, -0, 0, 0
7.92006, -0, -0, 0, 0
7.9234, -0, -0, 0, 0
7.92674, -0, -0, 0, 0
7.93007, -0, -0, 0, 0
7.9334, -0, -0, 0, 0
7.93678, -0, -0, 0, 0
7.94007, -0, -0, 0, 0
7.9434, -0, -0, 0, 0
7.94673, -0, -0, 0, 0
7.95007, -0, -0, 0, 0
7.9534, -0, -0, 0, 0
7.95673, -0, -0, 0, 0
7.96007, -0, -0, 0, 0
7.9634, -0, -0, 0, 0
7.96673, -0, -0, 0, 0
7.97008, -0, -0, 0, 0
7.9734, -0, -0, 0, 0
7.97673, -0, -0, 0, 0
7.98006, -0, -0, 0, 0
7.98341, -0, -0, 0, 0
7.98673, -0, -0, 0, 0
7.99006, -0, -0, 0, 0
7.9934, -0, -0, 0, 0
7.99673, -0, -0, 0, 0
8.00006, -0, -0, 0, 0
8.0034, -0, -0, 0, 0
8.00674, -0, -0, 0, 0
8.01006, -0, -0, 0, 0
8.0134, -0, -0, 0, 0
8.01673, -0, -0, 0, 0
8.02006, -0, -0, 0, 0
8.0234, -0, -0, 0, 0
8.02674, -0, -0, 0, 0
8.03006, -0, -0, 0, 0
8.0334, -0, -0, 0, 0
8.03674, -0, -0, 0, 0
8.04006, -0, -0, 0, 0
8.0434, -0, -0, 0, 0
8.04673, -0, -0, 0, 0
8.05007, -0, -0, 0, 0
8.0534, -0, -0, 0, 0
8.05673, -0, -0, 0, 0
8.06007, -0, -0, 0, 0
8.0634, -0, -0, 0, 0
8.06673, -0, -0, 0, 0
8.07007, -0, -0, 0, 0
8.0734, -0, -0, 0, 0
8.07673, -0, -0, 0, 0
8.08008, -0, -0, 0, 0
8.0834, -0, -0, 0, 0
8.08673, -0, -0, 0, 0
8.09006, -0, -0, 0, 0
8.0934, -0, -0, 0, 0
8.09673, -0, -0, 0, 0
8.10006, -0, -0, 0, 0
8.10341, -0, -0, 0, 0
8.10673, -0, -0, 0, 0
8.11006, -0, -0, 0, 0
8.11341, -0, -0, 0, 0
8.11673, -0, -0, 0, 0
8.12006, -0, -0, 0, 0
8.1234, -0, -0, 0, 0
8.12674, -0, -0, 0, 0
8.13006, -0, -0, 0, 0
8.1334, -0, -0, 0, 0
8.13918, -0, -0, 0, 0
8.14007, -0, -0, 0, 0
8.14341, -0, -0, 0, 0
8.14673, -0, -0, 0, 0
8.15008, -0, -0, 0, 0
8.1534, -0, -0, 0, 0
8.15674, -0, -0, 0, 0
8.16008, -0, -0, 0, 0
8.16341, -0, -0, 0, 0
8.16673, -0, -0, 0, 0
8.17007, -0, -0, 0, 0
8.17341, -0, -0, 0, 0
8.17674, -0, -0, 0, 0
8.18007, -0, -0, 0, 0
8.18339, -0, -0, 0, 0
8.18673, -0, -0, 0, 0
8.19008, -0, -0, 0, 0
8.19341, -0, -0, 0, 0
8.19673, -0, -0, 0, 0
8.20006, -0, -0, 0, 0
8.2034, -0, -0, 0, 0
8.20674, -0, -0, 0, 0
8.21007, -0, -0, 0, 0
8.21341, -0, -0, 0, 0
8.21673, -0, -0, 0, 0
8.22006, -0, -0, 0, 0
8.22341, -0, -0, 0, 0
8.22675, -0, -0, 0, 0
8.23007, -0, -0, 0, 0
8.2334, -0, -0, 0, 0
8.23674, -0, -0, 0, 0
8.24007, -0, -0, 0, 0
8.24341, -0, -0, 0, 0
8.24674, -0, -0, 0, 0
8.25006, -0, -0, 0, 0
8.2534, -0, -0, 0, 0
8.25674, -0, -0, 0, 0
8.26008, -0, -0, 0, 0
8.26341, -0, -0, 0, 0
8.26673, -0, -0, 0, 0
8.27008, -0, -0, 0, 0
8.27393, -0, -0, 0, 0
8.27674, -0, -0, 0, 0
8.28008, -0, -0, 0, 0
8.2834, -0, -0, 0, 0
8.28673, -0, -0, 0, 0
8.29006, -0, -0, 0, 0
8.29341, -0, -0, 0, 0
8.29675, -0, -0, 0, 0
8.30008, -0, -0, 0, 0
8.30341, -0, -0, 0, 0
8.30673, -0, -0, 0, 0
8.31006, -0, -0, 0, 0
8.31341, -0, -0, 0, 0
8.31673, -0, -0, 0, 0
8.32007, -0, -0, 0, 0
8.3234, -0, -0, 0, 0
8.32673, -0, -0, 0, 0
8.33006, -0, -0, 0, 0
8.33341, -0, -0, 0, 0
8.33673, -0, -0, 0, 0
8.34007, -0, -0, 0, 0
8.3434, -0, -0, 0, 0
8.34674, -0, -0, 0, 0
8.35007, -0, -0, 0, 0
8.3534, -0, -0, 0, 0
8.35674, -0, -0, 0, 0
8.36006, -0, -0, 0, 0
8.3634, -0, -0, 0, 0
8.36673, -0, -0, 0, 0
8.37008, -0, -0, 0, 0
8.3734, -0, -0, 0, 0
8.37673, -0, -0, 0, 0
8.38007, -0, -0, 0, 0
8.3834, -0, -0, 0, 0
8.38674, -0, -0, 0, 0
8.39008, -0, -0, 0, 0
8.3934, -0, -0, 0, 0
8.39673, -0, -0, 0, 0
8.40007, -0, -0, 0, 0
8.4034, -0, -0, 0, 0
8.40673, -0, -0, 0, 0
8.41007, -0, -0, 0, 0
8.41341, -0, -0, 0, 0
8.41673, -0, -0, 0, 0
8.42006, -0, -0, 0, 0
8.42341, -0, -0, 0, 0
8.42674, -0, -0, 0, 0
8.43007, -0, -0, 0, 0
8.43341, -0, -0, 0, 0
8.43673, -0, -0, 0, 0
8.44007, -0, -0, 0, 0
8.4434, -0, -0, 0, 0
8.44674, -0, -0, 0, 0
8.45007, -0, -0, 0, 0
8.4534, -0, -0, 0, 0
8.45676, -0, -0, 0, 0
8.46007, -0, -0, 0, 0
8.4634, -0, -0, 0, 0
8.46673, -0, -0, 0, 0
8.47008, -0, -0, 0, 0
8.47343, -0, -0, 0, 0
8.47674, -0, -0, 0, 0
8.48006, -0, -0, 0, 0
8.4834, -0, -0, 0, 0
8.48673, -0, -0, 0, 0
8.49007, -0, -0, 0, 0
8.4934, -0, -0, 0, 0
8.49673, -0, -0, 0, 0
8.50007, -0, -0, 0, 0
8.5034, -0, -0, 0, 0
8.50673, -0, -0, 0, 0
8.51018, -0, -0, 0, 0
8.5134, -0, -0, 0, 0
8.51673, -0, -0, 0, 0
8.52007, -0, -0, 0, 0
8.52341, -0, -0, 0, 0
8.52673, -0, -0, 0, 0
8.53007, -0, -0, 0, 0
8.53341, -0, -0, 0, 0
8.53673, -0, -0, 0, 0
8.54007, -0, -0, 0, 0
8.54342, -0, -0, 0, 0
8.54675, -0, -0, 0, 0
8.55007, -0, -0, 0, 0
8.5534, -0, -0, 0, 0
8.55674, -0, -0, 0, 0
8.56007, -0, -0, 0, 0
8.5634, -0, -0, 0, 0
8.56674, -0, -0, 0, 0
8.57007, -0, -0, 0, 0
8.5734, -0, -0, 0, 0
8.57674, -0, -0, 0, 0
8.58006, -0, -0, 0, 0
8.5834, -0, -0, 0, 0
8.58674, -0, -0, 0, 0
8.59006, -0, -0, 0, 0
8.5934, -0, -0, 0, 0
8.59673, -0, -0, 0, 0
8.60007, -0, -0, 0, 0
8.6034, -0, -0, 0, 0
8.60673, -0, -0, 0, 0
8.61007, -0, -0, 0, 0
8.6134, -0, -0, 0, 0
8.61674, -0, -0, 0, 0
8.62007, -0, -0, 0, 0
8.6234, -0, -0, 0, 0
8.62673, -0, -0, 0, 0
8.63006, -0, -0, 0, 0
8.6334, -0, -0, 0, 0
8.63674, -0, -0, 0, 0
8.64007, -0, -0, 0, 0
8.64341, -0, -0, 0, 0
8.64673, -0, -0, 0, 0
8.65006, -0, -0, 0, 0
8.6534, -0, -0, 0, 0
8.65673, -0, -0, 0, 0
8.66007, -0, -0, 0, 0
8.66341, -0, -0, 0, 0
8.66673, -0, -0, 0, 0
8.67006, -0, -0, 0, 0
8.6734, -0, -0, 0, 0
8.67674, -0, -0, 0, 0
8.68006, -0, -0, 0, 0
8.6834, -0, -0, 0, 0
8.68675, -0, -0, 0, 0
8.69007, -0, -0, 0, 0
8.6934, -0, -0, 0, 0
8.69673, -0, -0, 0, 0
8.70006, -0, -0, 0, 0
8.7034, -0, -0, 0, 0
8.70673, -0, -0, 0, 0
8.71007, -0, -0, 0, 0
8.7134, -0, -0, 0, 0
8.71673, -0, -0, 0, 0
8.72007, -0, -0, 0, 0
8.7234, -0, -0, 0, 0
8.72673, -0, -0, 0, 0
8.73007, -0, -0, 0, 0
8.73341, -0, -0, 0, 0
8.73673, -0, -0, 0, 0
8.74006, -0, -0, 0, 0
8.7434, -0, -0, 0, 0
8.74673, -0, -0, 0, 0
8.75006, -0, -0, 0, 0
8.7534, -0, -0, 0, 0
8.75673, -0, -0, 0, 0
8.76007, -0, -0, 0, 0
8.76341, -0, -0, 0, 0
8.76674, -0, -0, 0, 0
8.77006, -0, -0, 0, 0
8.7734, -0, -0, 0, 0
8.77674, -0, -0, 0, 0
8.78006, -0, -0, 0, 0
8.7834, -0, -0, 0, 0
8.78674, -0, -0, 0, 0
8.79006, -0, -0, 0, 0
8.7934, -0, -0, 0, 0
8.79673, -0, -0, 0, 0
8.80007, -0, -0, 0, 0
8.8034, -0, -0, 0, 0
8.80673, -0, -0, 0, 0
8.81007, -0, -0, 0, 0
8.8134, -0, -0, 0, 0
8.81673, -0, -0, 0, 0
8.82007, -0, -0, 0, 0
8.8234, -0, -0, 0, 0
8.82673, -0, -0, 0, 0
8.83014, -0, -0, 0, 0
8.83341, -0, -0, 0, 0
8.83673, -0, -0, 0, 0
8.84007, -0, -0, 0, 0
8.8434, -0, -0, 0, 0
8.84673, -0, -0, 0, 0
8.85006, -0, -0, 0, 0
8.8534, -0, -0, 0, 0
8.85673, -0, -0, 0, 0
8.86006, -0, -0, 0, 0
8.86341, -0, -0, 0, 0
8.86674, -0, -0, 0, 0
8.87007, -0, -0, 0, 0
8.8734, -0, -0, 0, 0
8.87672, -0, -0, 0, 0
8.88007, -0, -0, 0, 0
8.8834, -0, -0, 0, 0
8.88674, -0, -0, 0, 0
8.89006, -0, -0, 0, 0
8.8934, -0, -0, 0, 0
8.89674, -0, -0, 0, 0
8.90006, -0, -0, 0, 0
8.9034, -0, -0, 0, 0
8.90675, -0, -0, 0, 0
8.91007, -0, -0, 0, 0
8.9134, -0, -0, 0, 0
8.91674, -0, -0, 0, 0
8.92006, -0, -0, 0, 0
8.9234, -0, -0, 0, 0
8.92673, -0, -0, 0, 0
8.93007, -0, -0, 0, 0
8.93342, -0, -0, 0, 0
8.93673, -0, -0, 0, 0
8.94007, -0, -0, 0, 0
8.94341, -0, -0, 0, 0
8.94675, -0, -0, 0, 0
8.95007, -0, -0, 0, 0
8.95341, -0, -0, 0, 0
8.95673, -0, -0, 0, 0
8.96007, -0, -0, 0, 0
8.96341, -0, -0, 0, 0
8.96673, -0, -0, 0, 0
8.97008, -0, -0, 0, 0
8.9734, -0, -0, 0, 0
8.97674, -0, -0, 0, 0
8.98007, -0, -0, 0, 0
8.9834, -0, -0, 0, 0
8.98673, -0, -0, 0, 0
8.99008, -0, -0, 0, 0
8.9934, -0, -0, 0, 0
8.99674, -0, -0, 0, 0
9.00006, -0, -0, 0, 0
9.0034, -0, -0, 0, 0
9.00674, -0, -0, 0, 0
9.01042, -0, -0, 0, 0
9.0134, -0, -0, 0, 0
9.01675, -0, -0, 0, 0
9.02007, -0, -0, 0, 0
9.0234, -0, -0, 0, 0
9.02673, -0, -0, 0, 0
9.03007, -0, -0, 0, 0
9.0334, -0, -0, 0, 0
9.03674, -0, -0, 0, 0
9.04007, -0, -0, 0, 0
9.0434, -0, -0, 0, 0
9.04673, -0, -0, 0, 0
9.05007, -0, -0, 0, 0
9.05341, -0, -0, 0, 0
9.05674, -0, -0, 0, 0
9.06007, -0, -0, 0, 0
9.06341, -0, -0, 0, 0
9.06673, -0, -0, 0, 0
9.07006, -0, -0, 0, 0
9.07342, -0, -0, 0, 0
9.07673, -0, -0, 0, 0
9.08007, -0, -0, 0, 0
9.08341, -0, -0, 0, 0
9.08673, -0, -0, 0, 0
9.09006, -0, -0, 0, 0
9.0934, -0, -0, 0, 0
9.09675, -0, -0, 0, 0
9.10006, -0, -0, 0, 0
9.1034, -0, -0, 0, 0
9.10674, -0, -0, 0, 0
9.11093, -0, -0, 0, 0
9.1134, -0, -0, 0, 0
9.11674, -0, -0, 0, 0
9.12006, -0, -0, 0, 0
9.12341, -0, -0, 0, 0
9.12673, -0, -0, 0, 0
9.13007, -0, -0, 0, 0
9.1334, -0, -0, 0, 0
9.13673, -0, -0, 0, 0
9.14008, -0, -0, 0, 0
9.1434, -0, -0, 0, 0
9.14674, -0, -0, 0, 0
9.15009, -0, -0, 0, 0
9.1534, -0, -0, 0, 0
9.15673, -0, -0, 0, 0
9.16006, -0, -0, 0, 0
9.16343, -0, -0, 0, 0
9.16676, -0, -0, 0, 0
9.17006, -0, -0, 0, 0
9.17341, -0, -0, 0, 0
9.17675, -0, -0, 0, 0
9.18126, -0, -0, 0, 0
9.18341, -0, -0, 0, 0
9.18676, -0, -0, 0, 0
9.19007, -0, -0, 0, 0
9.19341, -0, -0, 0, 0
9.19674, -0, -0, 0, 0
9.20007, -0, -0, 0, 0
9.20342, -0, -0, 0, 0
9.20674, -0, -0, 0, 0
9.21007, -0, -0, 0, 0
9.21341, -0, -0, 0, 0
9.21684, -0, -0, 0, 0
9.22008, -0, -0, 0, 0
9.22341, -0, -0, 0, 0
9.22675, -0, -0, 0, 0
9.23008, -0, -0, 0, 0
9.23341, -0, -0, 0, 0
9.23674, -0, -0, 0, 0
9.24008, -0, -0, 0, 0
9.24341, -0, -0, 0, 0
9.24675, -0, -0, 0, 0
9.25098, -0, -0, 0, 0
9.25341, -0, -0, 0, 0
9.25674, -0, -0, 0, 0
9.26009, -0, -0, 0, 0
9.26342, -0, -0, 0, 0
9.26675, -0, -0, 0, 0
9.27009, -0, -0, 0, 0
9.27342, -0, -0, 0, 0
9.27674, -0, -0, 0, 0
9.28007, -0, -0, 0, 0
9.28341, -0, -0, 0, 0
9.28682, -0, -0, 0, 0
9.29007, -0, -0, 0, 0
9.29341, -0, -0, 0, 0
9.29674, -0, -0, 0, 0
9.30007, -0, -0, 0, 0
9.30343, -0, -0, 0, 0
9.30674, -0, -0, 0, 0
9.31007, -0, -0, 0, 0
9.3134, -0, -0, 0, 0
9.31675, -0, -0, 0, 0
9.32008, -0, -0, 0, 0
9.32341, -0, -0, 0, 0
9.32675, -0, -0, 0, 0
9.33008, -0, -0, 0, 0
9.33341, -0, -0, 0, 0
9.33675, -0, -0, 0, 0
9.34008, -0, -0, 0, 0
9.34341, -0, -0, 0, 0
9.34675, -0, -0, 0, 0
9.35008, -0, -0, 0, 0
9.35341, -0, -0, 0, 0
9.35674, -0, -0, 0, 0
9.36008, -0, -0, 0, 0
9.36341, -0, -0, 0, 0
9.36674, -0, -0, 0, 0
9.37011, -0, -0, 0, 0
9.37341, -0, -0, 0, 0
9.37674, -0, -0, 0, 0
9.38008, -0, -0, 0, 0
9.38342, -0, -0, 0, 0
9.38674, -0, -0, 0, 0
9.39008, -0, -0, 0, 0
9.39341, -0, -0, 0, 0
9.39673, -0, -0, 0, 0
9.40007, -0, -0, 0, 0
9.40341, -0, -0, 0, 0
9.40673, -0, -0, 0, 0
9.41007, -0, -0, 0, 0
9.41385, -0, -0, 0, 0
9.41701, -0, -0, 0, 0
9.42008, -0, -0, 0, 0
9.42341, -0, -0, 0, 0
9.42675, -0, -0, 0, 0
9.43008, -0, -0, 0, 0
9.4334, -0, -0, 0, 0
9.43673, -0, -0, 0, 0
9.44008, -0, -0, 0, 0
9.4434, -0, -0, 0, 0
9.44673, -0, -0, 0, 0
9.45006, -0, -0, 0, 0
9.4534, -0, -0, 0, 0
9.45674, -0, -0, 0, 0
9.46011, -0, -0, 0, 0
9.4634, -0, -0, 0, 0
9.46702, -0, -0, 0, 0
9.47007, -0, -0, 0, 0
9.47354, -0, -0, 0, 0
9.47673, -0, -0, 0, 0
9.48007, -0, -0, 0, 0
9.48336, -0, -0, 0, 0
9.48702, -0, -0, 0, 0
9.49006, -0, -0, 0, 0
9.4934, -0, -0, 0, 0
9.49673, -0, -0, 0, 0
9.50006, -0, -0, 0, 0
9.50341, -0, -0, 0, 0
9.50673, -0, -0, 0, 0
9.51007, -0, -0, 0, 0
9.51341, -0, -0, 0, 0
9.51673, -0, -0, 0, 0
9.52012, -0, -0, 0, 0
9.52371, -0, -0, 0, 0
9.52704, -0, -0, 0, 0
9.53067, -0, -0, 0, 0
9.53343, -0, -0, 0, 0
9.53675, -0, -0, 0, 0
9.54007, -0, -0, 0, 0
9.5434, -0, -0, 0, 0
9.54703, -0, -0, 0, 0
9.55006, -0, -0, 0, 0
9.5534, -0, -0, 0, 0
9.55674, -0, -0, 0, 0
9.56267, -0, -0, 0, 0
9.5634, -0, -0, 0, 0
9.56673, -0, -0, 0, 0
9.57006, -0, -0, 0, 0
9.5734, -0, -0, 0, 0
9.57673, -0, -0, 0, 0
9.58006, -0, -0, 0, 0
9.58341, -0, -0, 0, 0
9.58703, -0, -0, 0, 0
9.59006, -0, -0, 0, 0
9.5934, -0, -0, 0, 0
9.59675, -0, -0, 0, 0
9.60009, -0, -0, 0, 0
9.6034, -0, -0, 0, 0
9.60694, -0, -0, 0, 0
9.61006, -0, -0, 0, 0
9.6134, -0, -0, 0, 0
9.61676, -0, -0, 0, 0
9.62009, -0, -0, 0, 0
9.6236, -0, -0, 0, 0
9.62675, -0, -0, 0, 0
9.63012, -0, -0, 0, 0
9.6338, -0, -0, 0, 0
9.63675, -0, -0, 0, 0
9.64008, -0, -0, 0, 0
9.64341, -0, -0, 0, 0
9.64705, -0, -0, 0, 0
9.65007, -0, -0, 0, 0
9.65344, -0, -0, 0, 0
9.65675, -0, -0, 0, 0
9.66007, -0, -0, 0, 0
9.6634, -0, -0, 0, 0
9.66732, -0, -0, 0, 0
9.67008, -0, -0, 0, 0
9.6734, -0, -0, 0, 0
9.67674, -0, -0, 0, 0
9.68007, -0, -0, 0, 0
9.68405, -0, -0, 0, 0
9.68707, -0, -0, 0, 0
9.69008, -0, -0, 0, 0
9.6934, -0, -0, 0, 0
9.69673, -0, -0, 0, 0
9.70008, -0, -0, 0, 0
9.70351, -0, -0, 0, 0
9.70674, -0, -0, 0, 0
9.71008, -0, -0, 0, 0
9.71342, -0, -0, 0, 0
9.71673, -0, -0, 0, 0
9.72008, -0, -0, 0, 0
9.72341, -0, -0, 0, 0
9.72673, -0, -0, 0, 0
9.73007, -0, -0, 0, 0
9.73342, -0, -0, 0, 0
9.73677, -0, -0, 0, 0
9.74009, -0, -0, 0, 0
9.74342, -0, -0, 0, 0
9.74677, -0, -0, 0, 0
9.75007, -0, -0, 0, 0
9.75339, -0, -0, 0, 0
9.75674, -0, -0, 0, 0
9.76007, -0, -0, 0, 0
9.76342, -0, -0, 0, 0
9.76675, -0, -0, 0, 0
9.77007, -0, -0, 0, 0
9.77373, -0, -0, 0, 0
9.77674, -0, -0, 0, 0
9.78009, -0, -0, 0, 0
9.78339, -0, -0, 0, 0
9.78674, -0, -0, 0, 0
9.79006, -0, -0, 0, 0
9.79339, -0, -0, 0, 0
9.79673, -0, -0, 0, 0
9.80007, -0, -0, 0, 0
9.8034, -0, -0, 0, 0
9.80674, -0, -0, 0, 0
9.81008, -0, -0, 0, 0
9.81341, -0, -0, 0, 0
9.81673, -0, -0, 0, 0
9.82007, -0, -0, 0, 0
9.82339, -0, -0, 0, 0
9.82673, -0, -0, 0, 0
9.83006, -0, -0, 0, 0
9.8334, -0, -0, 0, 0
9.83673, -0, -0, 0, 0
9.84006, -0, -0, 0, 0
9.84342, -0, -0, 0, 0
9.84676, -0, -0, 0, 0
9.85007, -0, -0, 0, 0
9.8534, -0, -0, 0, 0
9.85673, -0, -0, 0, 0
9.86006, -0, -0, 0, 0
9.8634, -0, -0, 0, 0
9.86674, -0, -0, 0, 0
9.87006, -0, -0, 0, 0
9.8734, -0, -0, 0, 0
9.87674, -0, -0, 0, 0
9.88008, -0, -0, 0, 0
9.88341, -0, -0, 0, 0
9.88676, -0, -0, 0, 0
9.89006, -0, -0, 0, 0
9.8934, -0, -0, 0, 0
9.89673, -0, -0, 0, 0
9.90006, -0, -0, 0, 0
9.9034, -0, -0, 0, 0
9.90673, -0, -0, 0, 0
9.91007, -0, -0, 0, 0
9.9134, -0, -0, 0, 0
9.91674, -0, -0, 0, 0
9.92009, -0, -0, 0, 0
9.9234, -0, -0, 0, 0
9.92673, -0, -0, 0, 0
9.93007, -0, -0, 0, 0
9.9334, -0, -0, 0, 0
9.93674, -0, -0, 0, 0
9.94007, -0, -0, 0, 0
9.94341, -0, -0, 0, 0
9.94673, -0, -0, 0, 0
9.95007, -0, -0, 0, 0
9.95343, -0, -0, 0, 0
9.95675, -0, -0, 0, 0
9.96007, -0, -0, 0, 0
9.9634, -0, -0, 0, 0
9.96674, -0, -0, 0, 0
9.97006, -0, -0, 0, 0
9.9734, -0, -0, 0, 0
9.97673, -0, -0, 0, 0
9.98006, -0, -0, 0, 0
9.9834, -0, -0, 0, 0
9.98676, -0, -0, 0, 0
9.99008, -0, -0, 0, 0
9.99341, -0, -0, 0, 0
9.99673, -0, -0, 0, 0
10.0001, -0, -0, 0, 0
10.0034, -0, -0, 0, 0
10.0067, -0, -0, 0, 0
10.0101, -0, -0, 0, 0
10.0134, -0, -0, 0, 0
10.0167, -0, -0, 0, 0
10.0201, -0, -0, 0, 0
10.0234, -0, -0, 0, 0
10.0267, -0, -0, 0, 0
10.0301, -0, -0, 0, 0
10.0334, -0, -0, 0, 0
10.0367, -0, -0, 0, 0
10.0401, -0, -0, 0, 0
10.0434, -0, -0, 0, 0
10.0467, -0, -0, 0, 0
10.0501, -0, -0, 0, 0
10.0534, -0, -0, 0, 0
10.0568, -0, -0, 0, 0
10.0601, -0, -0, 0, 0
10.0634, -0, -0, 0, 0
10.0667, -0, -0, 0, 0
10.0701, -0, -0, 0, 0
10.0734, -0, -0, 0, 0
10.0768, -0, -0, 0, 0
10.0801, -0, -0, 0, 0
10.0834, -0, -0, 0, 0
10.0867, -0, -0, 0, 0
10.0901, -0, -0, 0, 0
10.0934, -0, -0, 0, 0
10.0968, -0, -0, 0, 0
10.1001, -0, -0, 0, 0
10.1034, -0, -0, 0, 0
10.1067, -0, -0, 0, 0
10.1101, -0, -0, 0, 0
10.1134, -0, -0, 0, 0
10.1167, -0, -0, 0, 0
10.1201, -0, -0, 0, 0
10.1234, -0, -0, 0, 0
10.1267, -0, -0, 0, 0
10.1301, -0, -0, 0, 0
10.1334, -0, -0, 0, 0
10.1367, -0, -0, 0, 0
10.1401, -0, -0, 0, 0
10.1434, -0, -0, 0, 0
10.1467, -0, -0, 0, 0
10.1501, -0, -0, 0, 0
10.1534, -0, -0, 0, 0
10.1567, -0, -0, 0, 0
10.1601, -0, -0, 0, 0
10.1634, -0, -0, 0, 0
10.1668, -0, -0, 0, 0
10.1701, -0, -0, 0, 0
10.1734, -0, -0, 0, 0
10.1768, -0, -0, 0, 0
10.1801, -0, -0, 0, 0
10.1834, -0, -0, 0, 0
10.1867, -0, -0, 0, 0
10.1901, -0, -0, 0, 0
10.1934, -0, -0, 0, 0
10.1967, -0, -0, 0, 0
10.2001, -0, -0, 0, 0
10.2034, -0, -0, 0, 0
10.2067, -0, -0, 0, 0
10.2101, -0, -0, 0, 0
10.2134, -0, -0, 0, 0
10.2167, -0, -0, 0, 0
10.2201, -0, -0, 0, 0
10.2234, -0, -0, 0, 0
10.2267, -0, -0, 0, 0
10.2301, -0, -0, 0, 0
10.2334, -0, -0, 0, 0
10.2368, -0, -0, 0, 0
10.2401, -0, -0, 0, 0
10.2434, -0, -0, 0, 0
10.2467, -0, -0, 0, 0
10.2501, -0, -0, 0, 0
10.2534, -0, -0, 0, 0
10.2567, -0, -0, 0, 0
10.2601, -0, -0, 0, 0
10.2634, -0, -0, 0, 0
10.2667, -0, -0, 0, 0
10.2701, -0, -0, 0, 0
10.2734, -0, -0, 0, 0
10.2767, -0, -0, 0, 0
10.2801, -0, -0, 0, 0
10.2834, -0, -0, 0, 0
10.2867, -0, -0, 0, 0
10.2901, -0, -0, 0, 0
10.2934, -0, -0, 0, 0
10.2967, -0, -0, 0, 0
10.3001, -0, -0, 0, 0
10.3034, -0, -0, 0, 0
10.3067, -0, -0, 0, 0
10.3101, -0, -0, 0, 0
10.3134, -0, -0, 0, 0
10.3167, -0, -0, 0, 0
10.3201, -0, -0, 0, 0
10.3234, -0, -0, 0, 0
10.3267, -0, -0, 0, 0
10.3301, -0, -0, 0, 0
10.3334, -0, -0, 0, 0
10.3367, -0, -0, 0, 0
10.3401, -0, -0, 0, 0
10.3434, -0, -0, 0, 0
10.3467, -0, -0, 0, 0
10.3501, -0, -0, 0, 0
10.3534, -0, -0, 0, 0
10.3567, -0, -0, 0, 0
10.3601, -0, -0, 0, 0
10.3634, -0, -0, 0, 0
10.3667, -0, -0, 0, 0
10.3701, -0, -0, 0, 0
10.3734, -0, -0, 0, 0
10.3767, -0, -0, 0, 0
10.3801, -0, -0, 0, 0
10.3834, -0, -0, 0, 0
10.3867, -0, -0, 0, 0
10.3901, -0, -0, 0, 0
10.3934, -0, -0, 0, 0
10.3967, -0, -0, 0, 0
10.4001, -0, -0, 0, 0
10.4034, -0, -0, 0, 0
10.4067, -0, -0, 0, 0
10.4101, -0, -0, 0, 0
10.4134, -0, -0, 0, 0
10.4168, -0, -0, 0, 0
10.4201, -0, -0, 0, 0
10.4234, -0, -0, 0, 0
10.4267, -0, -0, 0, 0
10.4301, -0, -0, 0, 0
10.4334, -0, -0, 0, 0
10.4367, -0, -0, 0, 0
10.4401, -0, -0, 0, 0
10.4434, -0, -0, 0, 0
10.4467, -0, -0, 0, 0
10.4501, -0, -0, 0, 0
10.4534, -0, -0, 0, 0
10.4567, -0, -0, 0, 0
10.4601, -0, -0, 0, 0
10.4634, -0, -0, 0, 0
10.4667, -0, -0, 0, 0
10.4701, -0, -0, 0, 0
10.4734, -0, -0, 0, 0
10.4767, -0, -0, 0, 0
10.4801, -0, -0, 0, 0
10.4834, -0, -0, 0, 0
10.4868, -0, -0, 0, 0
10.4901, -0, -0, 0, 0
10.4934, -0, -0, 0, 0
10.4967, -0, -0, 0, 0
10.5001, -0, -0, 0, 0
10.5034, -0, -0, 0, 0
10.5067, -0, -0, 0, 0
10.5101, -0, -0, 0, 0
10.5134, -0, -0, 0, 0
10.5167, -0, -0, 0, 0
10.5201, -0, -0, 0, 0
10.5234, -0, -0, 0, 0
10.5268, -0, -0, 0, 0
10.5301, -0, -0, 0, 0
10.5334, -0, -0, 0, 0
10.5367, -0, -0, 0, 0
10.5401, -0, -0, 0, 0
10.5434, -0, -0, 0, 0
10.5467, -0, -0, 0, 0
10.5501, -0, -0, 0, 0
10.5534, -0, -0, 0, 0
10.5567, -0, -0, 0, 0
10.5601, -0, -0, 0, 0
10.5634, -0, -0, 0, 0
10.5667, -0, -0, 0, 0
10.5701, -0, -0, 0, 0
10.5734, -0, -0, 0, 0
10.5767, -0, -0, 0, 0
10.5801, -0, -0, 0, 0
10.5834, -0, -0, 0, 0
10.5867, -0, -0, 0, 0
10.5901, -0, -0, 0, 0
10.5934, -0, -0, 0, 0
10.5967, -0, -0, 0, 0
10.6001, -0, -0, 0, 0
10.6034, -0, -0, 0, 0
10.6067, -0, -0, 0, 0
10.6101, -0, -0, 0, 0
10.6134, -0, -0, 0, 0
10.6167, -0, -0, 0, 0
10.6201, -0, -0, 0, 0
10.6234, -0, -0, 0, 0
10.627, -0, -0, 0, 0
10.6301, -0, -0, 0, 0
10.6334, -0, -0, 0, 0
10.6367, -0, -0, 0, 0
10.6401, -0, -0, 0, 0
10.6434, -0, -0, 0, 0
10.6467, -0, -0, 0, 0
10.6501, -0, -0, 0, 0
10.6534, -0, -0, 0, 0
10.6567, -0, -0, 0, 0
10.6601, -0, -0, 0, 0
10.6634, -0, -0, 0, 0
10.6667, -0, -0, 0, 0
10.6701, -0, -0, 0, 0
10.6734, -0, -0, 0, 0
10.6767, -0, -0, 0, 0
10.6801, -0, -0, 0, 0
10.6834, -0, -0, 0, 0
10.6867, -0, -0, 0, 0
10.6901, -0, -0, 0, 0
10.6934, -0, -0, 0, 0
10.6967, -0, -0, 0, 0
10.7001, -0, -0, 0, 0
10.7034, -0, -0, 0, 0
10.7067, -0, -0, 0, 0
10.7101, -0, -0, 0, 0
10.7134, -0, -0, 0, 0
10.7167, -0, -0, 0, 0
10.7201, -0, -0, 0, 0
10.7234, -0, -0, 0, 0
10.7267, -0, -0, 0, 0
10.7301, -0, -0, 0, 0
10.7334, -0, -0, 0, 0
10.7368, -0, -0, 0, 0
10.7401, -0, -0, 0, 0
10.7434, -0, -0, 0, 0
10.7467, -0, -0, 0, 0
10.7501, -0, -0, 0, 0
10.7534, -0, -0, 0, 0
10.7567, -0, -0, 0, 0
10.7601, -0, -0, 0, 0
10.7634, -0, -0, 0, 0
10.7667, -0, -0, 0, 0
10.7701, -0, -0, 0, 0
10.7734, -0, -0, 0, 0
10.7767, -0, -0, 0, 0
10.7801, -0, -0, 0, 0
10.7834, -0, -0, 0, 0
10.7867, -0, -0, 0, 0
10.7901, -0, -0, 0, 0
10.7934, -0, -0, 0, 0
10.7967, -0, -0, 0, 0
10.8001, -0, -0, 0, 0
10.8034, -0, -0, 0, 0
10.8067, -0, -0, 0, 0
10.8101, -0, -0, 0, 0
10.8134, -0, -0, 0, 0
10.8167, -0, -0, 0, 0
10.8201, -0, -0, 0, 0
10.8234, -0, -0, 0, 0
10.8267, -0, -0, 0, 0
10.8301, -0, -0, 0, 0
10.8334, -0, -0, 0, 0
10.8368, -0, -0, 0, 0
10.8401, -0, -0, 0, 0
10.8434, -0, -0, 0, 0
10.8468, -0, -0, 0, 0
10.8501, -0, -0, 0, 0
10.8534, -0, -0, 0, 0
10.8567, -0, -0, 0, 0
10.8601, -0, -0, 0, 0
10.8634, -0, -0, 0, 0
10.8667, -0, -0, 0, 0
10.8701, -0, -0, 0, 0
10.8734, -0, -0, 0, 0
10.8767, -0, -0, 0, 0
10.8801, -0, -0, 0, 0
10.8834, -0, -0, 0, 0
10.8867, -0, -0, 0, 0
10.8901, -0, -0, 0, 0
10.8934, -0, -0, 0, 0
10.8967, -0, -0, 0, 0
10.9001, -0, -0, 0, 0
10.9034, -0, -0, 0, 0
10.9067, -0, -0, 0, 0
10.9101, -0, -0, 0, 0
10.9135, -0, -0, 0, 0
10.9167, -0, -0, 0, 0
10.9201, -0, -0, 0, 0
10.9234, -0, -0, 0, 0
10.9267, -0, -0, 0, 0
10.9301, -0, -0, 0, 0
10.9334, -0, -0, 0, 0
10.9367, -0, -0, 0, 0
10.9401, -0, -0, 0, 0
10.9434, -0, -0, 0, 0
10.9467, -0, -0, 0, 0
10.9501, -0, -0, 0, 0
10.9534, -0, -0, 0, 0
10.9567, -0, -0, 0, 0
10.9601, -0, -0, 0, 0
10.9634, -0, -0, 0, 0
10.9667, -0, -0, 0, 0
10.9701, -0, -0, 0, 0
10.9734, -0, -0, 0, 0
10.9767, -0, -0, 0, 0
10.9801, -0, -0, 0, 0
10.9834, -0, -0, 0, 0
10.9867, -0, -0, 0, 0
10.9901, -0, -0, 0, 0
10.9934, -0, -0, 0, 0
10.9967, -0, -0, 0, 0
11.0001, -0, -0, 0, 0
11.0034, -0, -0, 0, 0
11.0067, -0, -0, 0, 0
11.0101, -0, -0, 0, 0
11.0134, -0, -0, 0, 0
11.0167, -0, -0, 0, 0
11.0201, -0, -0, 0, 0
11.0234, -0, -0, 0, 0
11.0267, -0, -0, 0, 0
11.0301, -0, -0, 0, 0
11.0334, -0, -0, 0, 0
11.0367, -0, -0, 0, 0
11.0401, -0, -0, 0, 0
11.0434, -0, -0, 0, 0
11.0467, -0, -0, 0, 0
11.0501, -0, -0, 0, 0
11.0534, -0, -0, 0, 0
11.0568, -0, -0, 0, 0
11.0601, -0, -0, 0, 0
11.0634, -0, -0, 0, 0
11.0667, -0, -0, 0, 0
11.0701, -0, -0, 0, 0
11.0734, -0, -0, 0, 0
11.0768, -0, -0, 0, 0
11.0802, -0, -0, 0, 0
11.0834, -0, -0, 0, 0
11.0867, -0, -0, 0, 0
11.0901, -0, -0, 0, 0
11.0934, -0, -0, 0, 0
11.0967, -0, -0, 0, 0
11.1001, -0, -0, 0, 0
11.1034, -0, -0, 0, 0
11.1067, -0, -0, 0, 0
11.1101, -0, -0, 0, 0
11.1134, -0, -0, 0, 0
11.1167, -0, -0, 0, 0
11.1201, -0, -0, 0, 0
11.1234, -0, -0, 0, 0
11.1268, -0, -0, 0, 0
11.1301, -0, -0, 0, 0
11.1334, -0, -0, 0, 0
11.1367, -0, -0, 0, 0
11.1401, -0, -0, 0, 0
11.1434, -0, -0, 0, 0
11.1467, -0, -0, 0, 0
11.1501, -0, -0, 0, 0
11.1534, -0, -0, 0, 0
11.1567, -0, -0, 0, 0
11.1601, -0, -0, 0, 0
11.1634, -0, -0, 0, 0
11.1674, -0, -0, 0, 0
11.1701, -0, -0, 0, 0
11.1734, -0, -0, 0, 0
11.1767, -0, -0, 0, 0
11.1801, -0, -0, 0, 0
11.1834, -0, -0, 0, 0
11.1867, -0, -0, 0, 0
11.1901, -0, -0, 0, 0
11.1934, -0, -0, 0, 0
11.1967, -0, -0, 0, 0
11.2001, -0, -0, 0, 0
11.2034, -0, -0, 0, 0
11.2067, -0, -0, 0, 0
11.2101, -0, -0, 0, 0
11.2134, -0, -0, 0, 0
11.2167, -0, -0, 0, 0
11.2201, -0, -0, 0, 0
11.2234, -0, -0, 0, 0
11.2267, -0, -0, 0, 0
11.2301, -0, -0, 0, 0
11.2334, -0, -0, 0, 0
11.2367, -0, -0, 0, 0
11.2401, -0, -0, 0, 0
11.2434, -0, -0, 0, 0
11.2467, -0, -0, 0, 0
11.2501, -0, -0, 0, 0
11.2534, -0, -0, 0, 0
11.2567, -0, -0, 0, 0
11.2601, -0, -0, 0, 0
11.2634, -0, -0, 0, 0
11.267, -0, -0, 0, 0
11.2701, -0, -0, 0, 0
11.2734, -0, -0, 0, 0
11.2768, -0, -0, 0, 0
11.2801, -0, -0, 0, 0
11.2834, -0, -0, 0, 0
11.2867, -0, -0, 0, 0
11.2901, -0, -0, 0, 0
11.2934, -0, -0, 0, 0
11.2967, -0, -0, 0, 0
11.3001, -0, -0, 0, 0
11.3035, -0, -0, 0, 0
11.3067, -0, -0, 0, 0
11.3101, -0, -0, 0, 0
11.3134, -0, -0, 0, 0
11.3167, -0, -0, 0, 0
11.3201, -0, -0, 0, 0
11.3234, -0, -0, 0, 0
11.3267, -0, -0, 0, 0
11.3301, -0, -0, 0, 0
11.3334, -0, -0, 0, 0
11.3368, -0, -0, 0, 0
11.3401, -0, -0, 0, 0
11.3435, -0, -0, 0, 0
11.3467, -0, -0, 0, 0
11.3501, -0, -0, 0, 0
11.3534, -0, -0, 0, 0
11.3567, -0, -0, 0, 0
11.3601, -0, -0, 0, 0
11.3634, -0, -0, 0, 0
11.3667, -0, -0, 0, 0
11.3701, -0, -0, 0, 0
11.3734, -0, -0, 0, 0
11.3768, -0, -0, 0, 0
11.3801, -0, -0, 0, 0
11.3834, -0, -0, 0, 0
11.3867, -0, -0, 0, 0
11.3901, -0, -0, 0, 0
11.3934, -0, -0, 0, 0
11.3969, -0, -0, 0, 0
11.4001, -0, -0, 0, 0
11.4034, -0, -0, 0, 0
11.4068, -0, -0, 0, 0
11.4101, -0, -0, 0, 0
11.4134, -0, -0, 0, 0
11.4168, -0, -0, 0, 0
11.4201, -0, -0, 0, 0
11.4234, -0, -0, 0, 0
11.4267, -0, -0, 0, 0
11.4301, -0, -0, 0, 0
11.4334, -0, -0, 0, 0
11.4367, -0, -0, 0, 0
11.4401, -0, -0, 0, 0
11.4434, -0, -0, 0, 0
11.4476, -0, -0, 0, 0
11.4501, -0, -0, 0, 0
11.4534, -0, -0, 0, 0
11.4567, -0, -0, 0, 0
11.4601, -0, -0, 0, 0
11.4634, -0, -0, 0, 0
11.4667, -0, -0, 0, 0
11.4701, -0, -0, 0, 0
11.4734, -0, -0, 0, 0
11.4767, -0, -0, 0, 0
11.4801, -0, -0, 0, 0
11.4834, -0, -0, 0, 0
11.4868, -0, -0, 0, 0
11.4901, -0, -0, 0, 0
11.4934, -0, -0, 0, 0
11.4967, -0, -0, 0, 0
11.5001, -0, -0, 0, 0
11.5034, -0, -0, 0, 0
11.5067, -0, -0, 0, 0
11.5101, -0, -0, 0, 0
11.5134, -0, -0, 0, 0
11.5167, -0, -0, 0, 0
11.5201, -0, -0, 0, 0
11.5234, -0, -0, 0, 0
11.5267, -0, -0, 0, 0
11.5301, -0, -0, 0, 0
11.5334, -0, -0, 0, 0
11.5367, -0, -0, 0, 0
11.5401, -0, -0, 0, 0
11.5434, -0, -0, 0, 0
11.5467, -0, -0, 0, 0
11.5501, -0, -0, 0, 0
11.5534, -0, -0, 0, 0
11.5567, -0, -0, 0, 0
11.5601, -0, -0, 0, 0
11.5634, -0, -0, 0, 0
11.5667, -0, -0, 0, 0
11.5701, -0, -0, 0, 0
11.5734, -0, -0, 0, 0
11.5767, -0, -0, 0, 0
11.5801, -0, -0, 0, 0
11.5834, -0, -0, 0, 0
11.5867, -0, -0, 0, 0
11.5901, -0, -0, 0, 0
11.5934, -0, -0, 0, 0
11.5967, -0, -0, 0, 0
11.6001, -0, -0, 0, 0
11.6034, -0, -0, 0, 0
11.6067, -0, -0, 0, 0
11.6101, -0, -0, 0, 0
11.6134, -0, -0, 0, 0
11.6167, -0, -0, 0, 0
11.6201, -0, -0, 0, 0
11.6234, -0, -0, 0, 0
11.6267, -0, -0, 0, 0
11.6301, -0, -0, 0, 0
11.6334, -0, -0, 0, 0
11.6367, -0, -0, 0, 0
11.6401, -0, -0, 0, 0
11.6434, -0, -0, 0, 0
11.6467, -0, -0, 0, 0
11.6501, -0, -0, 0, 0
11.6534, -0, -0, 0, 0
11.6567, -0, -0, 0, 0
11.6601, -0, -0, 0, 0
11.6634, -0, -0, 0, 0
11.6667, -0, -0, 0, 0
11.6701, -0, -0, 0, 0
11.6734, -0, -0, 0, 0
11.6767, -0, -0, 0, 0
11.6801, -0, -0, 0, 0
11.6834, -0, -0, 0, 0
11.6867, -0, -0, 0, 0
11.6901, -0, -0, 0, 0
11.6934, -0, -0, 0, 0
11.6967, -0, -0, 0, 0
11.7001, -0, -0, 0, 0
11.7034, -0, -0, 0, 0
11.7067, -0, -0, 0, 0
11.7101, -0, -0, 0, 0
11.7134, -0, -0, 0, 0
11.7167, -0, -0, 0, 0
11.7201, -0, -0, 0, 0
11.7234, -0, -0, 0, 0
11.7268, -0, -0, 0, 0
11.7301, -0, -0, 0, 0
11.7334, -0, -0, 0, 0
11.7367, -0, -0, 0, 0
11.7401, -0, -0, 0, 0
11.7434, -0, -0, 0, 0
11.7467, -0, -0, 0, 0
11.7501, -0, -0, 0, 0
11.7534, -0, -0, 0, 0
11.7567, -0, -0, 0, 0
11.7601, -0, -0, 0, 0
11.7634, -0, -0, 0, 0
11.7667, -0, -0, 0, 0
11.7701, -0, -0, 0, 0
11.7734, -0, -0, 0, 0
11.7767, -0, -0, 0, 0
11.7801, -0, -0, 0, 0
11.7834, -0, -0, 0, 0
11.7867, -0, -0, 0, 0
11.7901, -0, -0, 0, 0
11.7934, -0, -0, 0, 0
11.7968, -0, -0, 0, 0
11.8001, -0, -0, 0, 0
11.8034, -0, -0, 0, 0
11.8067, -0, -0, 0, 0
11.8101, -0, -0, 0, 0
11.8134, -0, -0, 0, 0
11.8167, -0, -0, 0, 0
11.8201, -0, -0, 0, 0
11.8234, -0, -0, 0, 0
11.8267, -0, -0, 0, 0
11.8301, -0, -0, 0, 0
11.8334, -0, -0, 0, 0
11.8368, -0, -0, 0, 0
11.8401, -0, -0, 0, 0
11.8434, -0, -0, 0, 0
11.8467, -0, -0, 0, 0
11.8501, -0, -0, 0, 0
11.8534, -0, -0, 0, 0
11.8567, -0, -0, 0, 0
11.8601, -0, -0, 0, 0
11.8634, -0, -0, 0, 0
11.8676, -0, -0, 0, 0
11.8701, -0, -0, 0, 0
11.8734, -0, -0, 0, 0
11.8767, -0, -0, 0, 0
11.8801, -0, -0, 0, 0
11.8834, -0, -0, 0, 0
11.8867, -0, -0, 0, 0
11.8901, -0, -0, 0, 0
11.8934, -0, -0, 0, 0
11.8967, -0, -0, 0, 0
11.9001, -0, -0, 0, 0
11.9034, -0, -0, 0, 0
11.9067, -0, -0, 0, 0
11.9101, -0, -0, 0, 0
11.9134, -0, -0, 0, 0
11.9167, -0, -0, 0, 0
11.9201, -0, -0, 0, 0
11.9234, -0, -0, 0, 0
11.9267, -0, -0, 0, 0
11.9301, -0, -0, 0, 0
11.9334, -0, -0, 0, 0
11.9367, -0, -0, 0, 0
11.9401, -0, -0, 0, 0
11.9434, -0, -0, 0, 0
11.9467, -0, -0, 0, 0
11.9501, -0, -0, 0, 0
11.9534, -0, -0, 0, 0
11.9567, -0, -0, 0, 0
11.9601, -0, -0, 0, 0
11.9634, -0, -0, 0, 0
11.9667, -0, -0, 0, 0
11.9701, -0, -0, 0, 0
11.9734, -0, -0, 0, 0
11.9767, -0, -0, 0, 0
11.9801, -0, -0, 0, 0
11.9834, -0, -0, 0, 0
11.9867, -0, -0, 0, 0
11.9901, -0, -0, 0, 0
11.9934, -0, -0, 0, 0
11.9967, -0, -0, 0, 0
12.0001, -0, -0, 0, 0
12.0034, -0, -0, 0, 0
12.0067, -0, -0, 0, 0
12.0101, -0, -0, 0, 0
12.0134, -0, -0, 0, 0
12.0167, -0, -0, 0, 0
12.0201, -0, -0, 0, 0
12.0234, -0, -0, 0, 0
12.0267, -0, -0, 0, 0
12.0301, -0, -0, 0, 0
12.0334, -0, -0, 0, 0
12.0367, -0, -0, 0, 0
12.0401, -0, -0, 0, 0
12.0434, -0, -0, 0, 0
12.0467, -0, -0, 0, 0
12.0501, -0, -0, 0, 0
12.0534, -0, -0, 0, 0
12.0567, -0, -0, 0, 0
12.0601, -0, -0, 0, 0
12.0634, -0, -0, 0, 0
12.0667, -0, -0, 0, 0
12.0701, -0, -0, 0, 0
12.0734, -0, -0, 0, 0
12.0767, -0, -0, 0, 0
12.0801, -0, -0, 0, 0
12.0834, -0, -0, 0, 0
12.0867, -0, -0, 0, 0
12.0901, -0, -0, 0, 0
12.0934, -0, -0, 0, 0
12.0967, -0, -0, 0, 0
12.1001, -0, -0, 0, 0
12.1034, -0, -0, 0, 0
12.1067, -0, -0, 0, 0
12.1101, -0, -0, 0, 0
12.1134, -0, -0, 0, 0
12.1167, -0, -0, 0, 0
12.1201, -0, -0, 0, 0
12.1234, -0, -0, 0, 0
12.1267, -0, -0, 0, 0
12.1301, -0, -0, 0, 0
12.1334, -0, -0, 0, 0
12.1367, -0, -0, 0, 0
12.1401, -0, -0, 0, 0
12.1434, -0, -0, 0, 0
12.1467, -0, -0, 0, 0
12.1501, -0, -0, 0, 0
12.1534, -0, -0, 0, 0
12.1567, -0, -0, 0, 0
12.1601, -0, -0, 0, 0
12.1634, -0, -0, 0, 0
12.1667, -0, -0, 0, 0
12.1701, -0, -0, 0, 0
12.1734, -0, -0, 0, 0
12.1767, -0, -0, 0, 0
12.1801, -0, -0, 0, 0
12.1834, -0, -0, 0, 0
12.1867, -0, -0, 0, 0
12.1901, -0, -0, 0, 0
12.1934, -0, -0, 0, 0
12.1967, -0, -0, 0, 0
12.2001, -0, -0, 0, 0
12.2034, -0, -0, 0, 0
12.2067, -0, -0, 0, 0
12.2101, -0, -0, 0, 0
12.2134, -0, -0, 0, 0
12.2167, -0, -0, 0, 0
12.2201, -0, -0, 0, 0
12.2234, -0, -0, 0, 0
12.2267, -0, -0, 0, 0
12.2301, -0, -0, 0, 0
12.2334, -0, -0, 0, 0
12.2367, -0, -0, 0, 0
12.2401, -0, -0, 0, 0
12.2434, -0, -0, 0, 0
12.2467, -0, -0, 0, 0
12.2501, -0, -0, 0, 0
12.2534, -0, -0, 0, 0
12.2567, -0, -0, 0, 0
12.2601, -0, -0, 0, 0
12.2634, -0, -0, 0, 0
12.2667, -0, -0, 0, 0
12.2701, -0, -0, 0, 0
12.2734, -0, -0, 0, 0
12.2767, -0, -0, 0, 0
12.2801, -0, -0, 0, 0
12.2834, -0, -0, 0, 0
12.2867, -0, -0, 0, 0
12.2901, -0, -0, 0, 0
12.2934, -0, -0, 0, 0
12.2967, -0, -0, 0, 0
12.3001, -0, -0, 0, 0
12.3034, -0, -0, 0, 0
12.3067, -0, -0, 0, 0
12.3101, -0, -0, 0, 0
12.3134, -0, -0, 0, 0
12.3167, -0, -0, 0, 0
12.3201, -0, -0, 0, 0
12.3234, -0, -0, 0, 0
12.3267, -0, -0, 0, 0
12.3301, -0, -0, 0, 0
12.3334, -0, -0, 0, 0
12.3367, -0, -0, 0, 0
12.3401, -0, -0, 0, 0
12.3434, -0, -0, 0, 0
12.3467, -0, -0, 0, 0
12.3501, -0, -0, 0, 0
12.3534, -0, -0, 0, 0
12.3567, -0, -0, 0, 0
12.3601, -0, -0, 0, 0
12.3634, -0, -0, 0, 0
12.3667, -0, -0, 0, 0
12.3701, -0, -0, 0, 0
12.3734, -0, -0, 0, 0
12.3767, -0, -0, 0, 0
12.3801, -0, -0, 0, 0
12.3834, -0, -0, 0, 0
12.3867, -0, -0, 0, 0
12.3901, -0, -0, 0, 0
12.3934, -0, -0, 0, 0
12.3967, -0, -0, 0, 0
12.4001, -0, -0, 0, 0
12.4034, -0, -0, 0, 0
12.4067, -0, -0, 0, 0
12.4101, -0, -0, 0, 0
12.4134, -0, -0, 0, 0
12.4167, -0, -0, 0, 0
12.4201, -0, -0, 0, 0
12.4234, -0, -0, 0, 0
12.4267, -0, -0, 0, 0
12.4301, -0, -0, 0, 0
12.4334, -0, -0, 0, 0
12.4367, -0, -0, 0, 0
12.4401, -0, -0, 0, 0
12.4434, -0, -0, 0, 0
12.4467, -0, -0, 0, 0
12.4501, -0, -0, 0, 0
12.4534, -0, -0, 0, 0
12.4567, -0, -0, 0, 0
12.4601, -0, -0, 0, 0
12.4634, -0, -0, 0, 0
12.4667, -0, -0, 0, 0
12.4701, -0, -0, 0, 0
12.4734, -0, -0, 0, 0
12.4767, -0, -0, 0, 0
12.4801, -0, -0, 0, 0
12.4834, -0, -0, 0, 0
12.4867, -0, -0, 0, 0
12.4901, -0, -0, 0, 0
12.4934, -0, -0, 0, 0
12.4967, -0, -0, 0, 0
12.5001, -0, -0, 0, 0
12.5034, -0, -0, 0, 0
12.5067, -0, -0, 0, 0
12.5101, -0, -0, 0, 0
12.5134, -0, -0, 0, 0
12.5167, -0, -0, 0, 0
12.5201, -0, -0, 0, 0
12.5234, -0, -0, 0, 0
12.5267, -0, -0, 0, 0
12.5301, -0, -0, 0, 0
12.5334, -0, -0, 0, 0
12.5367, -0, -0, 0, 0
12.5401, -0, -0, 0, 0
12.5434, -0, -0, 0, 0
12.5467, -0, -0, 0, 0
12.5501, -0, -0, 0, 0
12.5534, -0, -0, 0, 0
12.5567, -0, -0, 0, 0
12.5601, -0, -0, 0, 0
12.5634, -0, -0, 0, 0
12.5667, -0, -0, 0, 0
12.5701, -0, -0, 0, 0
12.5734, -0, -0, 0, 0
12.5767, -0, -0, 0, 0
12.5801, -0, -0, 0, 0
12.5834, -0, -0, 0, 0
12.5867, -0, -0, 0, 0
12.5901, -0, -0, 0, 0
12.5934, -0, -0, 0, 0
12.5967, -0, -0, 0, 0
12.6001, -0, -0, 0, 0
12.6034, -0, -0, 0, 0
12.6067, -0, -0, 0, 0
12.6101, -0, -0, 0, 0
12.6134, -0, -0, 0, 0
12.6167, -0, -0, 0, 0
12.6201, -0, -0, 0, 0
12.6234, -0, -0, 0, 0
12.6267, -0, -0, 0, 0
12.6301, -0, -0, 0, 0
12.6334, -0, -0, 0, 0
12.6367, -0, -0, 0, 0
12.6401, -0, -0, 0, 0
12.6434, -0, -0, 0, 0
12.6467, -0, -0, 0, 0
12.6501, -0, -0, 0, 0
12.6534, -0, -0, 0, 0
12.6567, -0, -0, 0, 0
12.6601, -0, -0, 0, 0
12.6634, -0, -0, 0, 0
12.6667, -0, -0, 0, 0
12.6701, -0, -0, 0, 0
12.6734, -0, -0, 0, 0
12.6767, -0, -0, 0, 0
12.6801, -0, -0, 0, 0
12.6834, -0, -0, 0, 0
12.6867, -0, -0, 0, 0
12.6901, -0, -0, 0, 0
12.6934, -0, -0, 0, 0
12.6967, -0, -0, 0, 0
12.7001, -0, -0, 0, 0
12.7034, -0, -0, 0, 0
12.7067, -0, -0, 0, 0
12.7101, -0, -0, 0, 0
12.7134, -0, -0, 0, 0
12.7167, -0, -0, 0, 0
12.7201, -0, -0, 0, 0
12.7234, -0, -0, 0, 0
12.7267, -0, -0, 0, 0
12.7301, -0, -0, 0, 0
12.7334, -0, -0, 0, 0
12.7367, -0, -0, 0, 0
12.7401, -0, -0, 0, 0
12.7434, -0, -0, 0, 0
12.7467, -0, -0, 0, 0
12.7501, -0, -0, 0, 0
12.7534, -0, -0, 0, 0
12.7567, -0, -0, 0, 0
12.7601, -0, -0, 0, 0
12.7634, -0, -0, 0, 0
12.7667, -0, -0, 0, 0
12.7701, -0, -0, 0, 0
12.7734, -0, -0, 0, 0
12.7767, -0, -0, 0, 0
12.7801, -0, -0, 0, 0
12.7834, -0, -0, 0, 0
12.7867, -0, -0, 0, 0
12.7901, -0, -0, 0, 0
12.7934, -0, -0, 0, 0
12.7967, -0, -0, 0, 0
12.8001, -0, -0, 0, 0
12.8034, -0, -0, 0, 0
12.8067, -0, -0, 0, 0
12.8101, -0, -0, 0, 0
12.8134, -0, -0, 0, 0
12.8167, -0, -0, 0, 0
12.8201, -0, -0, 0, 0
12.8234, -0, -0, 0, 0
12.8267, -0, -0, 0, 0
12.8301, -0, -0, 0, 0
12.8334, -0, -0, 0, 0
12.8367, -0, -0, 0, 0
12.8401, -0, -0, 0, 0
12.8434, -0, -0, 0, 0
12.8467, -0, -0, 0, 0
12.8501, -0, -0, 0, 0
12.8534, -0, -0, 0, 0
12.8567, -0, -0, 0, 0
12.8601, -0, -0, 0, 0
12.8634, -0, -0, 0, 0
12.8667, -0, -0, 0, 0
12.8701, -0, -0, 0, 0
12.8734, -0, -0, 0, 0
12.8767, -0, -0, 0, 0
12.8801, -0, -0, 0, 0
12.8834, -0, -0, 0, 0
12.8868, -0, -0, 0, 0
12.8901, -0, -0, 0, 0
12.8934, -0, -0, 0, 0
12.8967, -0, -0, 0, 0
12.9001, -0, -0, 0, 0
12.9034, -0, -0, 0, 0
12.9067, -0, -0, 0, 0
12.9101, -0, -0, 0, 0
12.9134, -0, -0, 0, 0
12.9167, -0, -0, 0, 0
12.9201, -0, -0, 0, 0
12.9234, -0, -0, 0, 0
12.9267, -0, -0, 0, 0
12.9301, -0, -0, 0, 0
12.9334, -0, -0, 0, 0
12.9367, -0, -0, 0, 0
12.9401, -0, -0, 0, 0
12.9434, -0, -0, 0, 0
12.9467, -0, -0, 0, 0
12.9501, -0, -0, 0, 0
12.9534, -0, -0, 0, 0
12.9567, -0, -0, 0, 0
12.9601, -0, -0, 0, 0
12.9634, -0, -0, 0, 0
12.9668, -0, -0, 0, 0
12.9701, -0, -0, 0, 0
12.9734, -0, -0, 0, 0
12.9767, -0, -0, 0, 0
12.9801, -0, -0, 0, 0
12.9834, -0, -0, 0, 0
12.9867, -0, -0, 0, 0
12.9901, -0, -0, 0, 0
12.9934, -0, -0, 0, 0
12.9967, -0, -0, 0, 0
13.0001, -0, -0, 0, 0
13.0034, -0, -0, 0, 0
13.0067, -0, -0, 0, 0
13.0101, -0, -0, 0, 0
13.0134, -0, -0, 0, 0
13.0167, -0, -0, 0, 0
13.0201, -0, -0, 0, 0
13.0234, -0, -0, 0, 0
13.0267, -0, -0, 0, 0
13.0301, -0, -0, 0, 0
13.0334, -0, -0, 0, 0
13.0367, -0, -0, 0, 0
13.0401, -0, -0, 0, 0
13.0434, -0, -0, 0, 0
13.0467, -0, -0, 0, 0
13.0501, -0, -0, 0, 0
13.0534, -0, -0, 0, 0
13.0567, -0, -0, 0, 0
13.0601, -0, -0, 0, 0
13.0634, -0, -0, 0, 0
13.0667, -0, -0, 0, 0
13.0701, -0, -0, 0, 0
13.0734, -0, -0, 0, 0
13.0767, -0, -0, 0, 0
13.0801, -0, -0, 0, 0
13.0834, -0, -0, 0, 0
13.0868, -0, -0, 0, 0
13.0901, -0, -0, 0, 0
13.0934, -0, -0, 0, 0
13.0967, -0, -0, 0, 0
13.1001, -0, -0, 0, 0
13.1034, -0, -0, 0, 0
13.1067, -0, -0, 0, 0
13.1101, -0, -0, 0, 0
13.1134, -0, -0, 0, 0
13.1168, -0, -0, 0, 0
13.1201, -0, -0, 0, 0
13.1235, -0, -0, 0, 0
13.1268, -0, -0, 0, 0
13.1301, -0, -0, 0, 0
13.1334, -0, -0, 0, 0
13.1368, -0, -0, 0, 0
13.1401, -0, -0, 0, 0
13.1434, -0, -0, 0, 0
13.1468, -0, -0, 0, 0
13.1501, -0, -0, 0, 0
13.1535, -0, -0, 0, 0
13.1568, -0, -0, 0, 0
13.1601, -0, -0, 0, 0
13.1634, -0, -0, 0, 0
13.1668, -0, -0, 0, 0
13.1701, -0, -0, 0, 0
13.1734, -0, -0, 0, 0
13.1768, -0, -0, 0, 0
13.1801, -0, -0, 0, 0
13.1834, -0, -0, 0, 0
13.1868, -0, -0, 0, 0
13.1901, -0, -0, 0, 0
13.1934, -0, -0, 0, 0
13.1967, -0, -0, 0, 0
13.2001, -0, -0, 0, 0
13.2035, -0, -0, 0, 0
13.2068, -0, -0, 0, 0
13.2101, -0, -0, 0, 0
13.2134, -0, -0, 0, 0
13.2168, -0, -0, 0, 0
13.2201, -0, -0, 0, 0
13.2234, -0, -0, 0, 0
13.2268, -0, -0, 0, 0
13.2301, -0, -0, 0, 0
13.2334, -0, -0, 0, 0
13.2368, -0, -0, 0, 0
13.2401, -0, -0, 0, 0
13.2434, -0, -0, 0, 0
13.2468, -0, -0, 0, 0
13.2501, -0, -0, 0, 0
13.2534, -0, -0, 0, 0
13.2568, -0, -0, 0, 0
13.2601, -0, -0, 0, 0
13.2635, -0, -0, 0, 0
13.2668, -0, -0, 0, 0
13.2701, -0, -0, 0, 0
13.2734, -0, -0, 0, 0
13.2768, -0, -0, 0, 0
13.2801, -0, -0, 0, 0
13.2834, -0, -0, 0, 0
13.2868, -0, -0, 0, 0
13.2901, -0, -0, 0, 0
13.2934, -0, -0, 0, 0
13.2968, -0, -0, 0, 0
13.3001, -0, -0, 0, 0
13.3034, -0, -0, 0, 0
13.3068, -0, -0, 0, 0
13.3101, -0, -0, 0, 0
13.3134, -0, -0, 0, 0
13.3168, -0, -0, 0, 0
13.3201, -0, -0, 0, 0
13.3234, -0, -0, 0, 0
13.3268, -0, -0, 0, 0
13.3301, -0, -0, 0, 0
13.3334, -0, -0, 0, 0
13.3368, -0, -0, 0, 0
13.3401, -0, -0, 0, 0
13.3434, -0, -0, 0, 0
13.3468, -0, -0, 0, 0
13.3501, -0, -0, 0, 0
13.3534, -0, -0, 0, 0
13.3568, -0, -0, 0, 0
13.3601, -0, -0, 0, 0
13.3634, -0, -0, 0, 0
13.3668, -0, -0, 0, 0
13.3701, -0, -0, 0, 0
13.3734, -0, -0, 0, 0
13.3768, -0, -0, 0, 0
13.3801, -0, -0, 0, 0
13.3834, -0, -0, 0, 0
13.3868, -0, -0, 0, 0
13.3901, -0, -0, 0, 0
13.3934, -0, -0, 0, 0
13.3967, -0, -0, 0, 0
13.4001, -0, -0, 0, 0
13.4034, -0, -0, 0, 0
13.4068, -0, -0, 0, 0
13.4101, -0, -0, 0, 0
13.4134, -0, -0, 0, 0
13.4168, -0, -0, 0, 0
13.4201, -0, -0, 0, 0
13.4235, -0, -0, 0, 0
13.4267, -0, -0, 0, 0
13.4301, -0, -0, 0, 0
13.4334, -0, -0, 0, 0
13.4368, -0, -0, 0, 0
13.4401, -0, -0, 0, 0
13.4434, -0, -0, 0, 0
13.4467, -0, -0, 0, 0
13.4501, -0, -0, 0, 0
13.4534, -0, -0, 0, 0
13.4568, -0, -0, 0, 0
13.4601, -0, -0, 0, 0
13.4634, -0, -0, 0, 0
13.4668, -0, -0, 0, 0
13.4701, -0, -0, 0, 0
13.4734, -0, -0, 0, 0
13.4768, -0, -0, 0, 0
13.4801, -0, -0, 0, 0
13.4834, -0, -0, 0, 0
13.4868, -0, -0, 0, 0
13.4901, -0, -0, 0, 0
13.4934, -0, -0, 0, 0
13.4968, -0, -0, 0, 0
13.5001, -0, -0, 0, 0
13.5034, -0, -0, 0, 0
13.5068, -0, -0, 0, 0
13.5101, -0, -0, 0, 0
13.5134, -0, -0, 0, 0
13.5168, -0, -0, 0, 0
13.5201, -0, -0, 0, 0
13.5234, -0, -0, 0, 0
13.5268, -0, -0, 0, 0
13.5301, -0, -0, 0, 0
13.5334, -0, -0, 0, 0
13.5368, -0, -0, 0, 0
13.5401, -0, -0, 0, 0
13.5434, -0, -0, 0, 0
13.5467, -0, -0, 0, 0
13.5502, -0, -0, 0, 0
13.5534, -0, -0, 0, 0
13.5568, -0, -0, 0, 0
13.5601, -0, -0, 0, 0
13.5634, -0, -0, 0, 0
13.5668, -0, -0, 0, 0
13.5701, -0, -0, 0, 0
13.5734, -0, -0, 0, 0
13.5768, -0, -0, 0, 0
13.5801, -0, -0, 0, 0
13.5835, -0, -0, 0, 0
13.5867, -0, -0, 0, 0
13.5901, -0, -0, 0, 0
13.5934, -0, -0, 0, 0
13.5968, -0, -0, 0, 0
13.6002, -0, -0, 0, 0
13.6034, -0, -0, 0, 0
13.6068, -0, -0, 0, 0
13.6101, -0, -0, 0, 0
13.6135, -0, -0, 0, 0
13.6167, -0, -0, 0, 0
13.6201, -0, -0, 0, 0
13.6234, -0, -0, 0, 0
13.6268, -0, -0, 0, 0
13.6301, -0, -0, 0, 0
13.6334, -0, -0, 0, 0
13.6368, -0, -0, 0, 0
13.6401, -0, -0, 0, 0
13.6434, -0, -0, 0, 0
13.6468, -0, -0, 0, 0
13.6501, -0, -0, 0, 0
13.6534, -0, -0, 0, 0
13.6568, -0, -0, 0, 0
13.6601, -0, -0, 0, 0
13.6634, -0, -0, 0, 0
13.6668, -0, -0, 0, 0
13.6701, -0, -0, 0, 0
13.6734, -0, -0, 0, 0
13.6768, -0, -0, 0, 0
13.6801, -0, -0, 0, 0
13.6834, -0, -0, 0, 0
13.6868, -0, -0, 0, 0
13.6901, -0, -0, 0, 0
13.6934, -0, -0, 0, 0
13.6967, -0, -0, 0, 0
13.7001, -0, -0, 0, 0
13.7034, -0, -0, 0, 0
13.7068, -0, -0, 0, 0
13.7101, -0, -0, 0, 0
13.7134, -0, -0, 0, 0
13.7168, -0, -0, 0, 0
13.7201, -0, -0, 0, 0
13.7234, -0, -0, 0, 0
13.7268, -0, -0, 0, 0
13.7301, -0, -0, 0, 0
13.7335, -0, -0, 0, 0
13.7368, -0, -0, 0, 0
13.7401, -0, -0, 0, 0
13.7435, -0, -0, 0, 0
13.7467, -0, -0, 0, 0
13.7501, -0, -0, 0, 0
13.7534, -0, -0, 0, 0
13.7568, -0, -0, 0, 0
13.7601, -0, -0, 0, 0
13.7634, -0, -0, 0, 0
13.7668, -0, -0, 0, 0
13.7701, -0, -0, 0, 0
13.7735, -0, -0, 0, 0
13.7767, -0, -0, 0, 0
13.7801, -0, -0, 0, 0
13.7834, -0, -0, 0, 0
13.7868, -0, -0, 0, 0
13.7901, -0, -0, 0, 0
13.7934, -0, -0, 0, 0
13.7968, -0, -0, 0, 0
13.8001, -0, -0, 0, 0
13.8034, -0, -0, 0, 0
13.8068, -0, -0, 0, 0
13.8101, -0, -0, 0, 0
13.8134, -0, -0, 0, 0
13.8167, -0, -0, 0, 0
13.8201, -0, -0, 0, 0
13.8234, -0, -0, 0, 0
13.8268, -0, -0, 0, 0
13.8301, -0, -0, 0, 0
13.8334, -0, -0, 0, 0
13.8368, -0, -0, 0, 0
13.8401, -0, -0, 0, 0
13.8434, -0, -0, 0, 0
13.8468, -0, -0, 0, 0
13.8501, -0, -0, 0, 0
13.8534, -0, -0, 0, 0
13.8568, -0, -0, 0, 0
13.8601, -0, -0, 0, 0
13.8634, -0, -0, 0, 0
13.8668, -0, -0, 0, 0
13.8701, -0, -0, 0, 0
13.8734, -0, -0, 0, 0
13.8768, -0, -0, 0, 0
13.8801, -0, -0, 0, 0
13.8834, -0, -0, 0, 0
13.8867, -0, -0, 0, 0
13.8901, -0, -0, 0, 0
13.8934, -0, -0, 0, 0
13.8968, -0, -0, 0, 0
13.9001, -0, -0, 0, 0
13.9034, -0, -0, 0, 0
13.9068, -0, -0, 0, 0
13.9101, -0, -0, 0, 0
13.9134, -0, -0, 0, 0
13.9168, -0, -0, 0, 0
13.9201, -0, -0, 0, 0
13.9234, -0, -0, 0, 0
13.9268, -0, -0, 0, 0
13.9301, -0, -0, 0, 0
13.9334, -0, -0, 0, 0
13.9368, -0, -0, 0, 0
13.9401, -0, -0, 0, 0
13.9434, -0, -0, 0, 0
13.9468, -0, -0, 0, 0
13.9501, -0, -0, 0, 0
13.9535, -0, -0, 0, 0
13.9568, -0, -0, 0, 0
13.9601, -0, -0, 0, 0
13.9635, -0, -0, 0, 0
13.9668, -0, -0, 0, 0
13.9701, -0, -0, 0, 0
13.9735, -0, -0, 0, 0
13.9768, -0, -0, 0, 0
13.9801, -0, -0, 0, 0
13.9834, -0, -0, 0, 0
13.9868, -0, -0, 0, 0
13.9901, -0, -0, 0, 0
13.9934, -0, -0, 0, 0
13.9968, -0, -0, 0, 0
14.0001, -0, -0, 0, 0
14.0034, -0, -0, 0, 0
14.0068, -0, -0, 0, 0
14.0101, -0, -0, 0, 0
14.0134, -0, -0, 0, 0
14.0168, -0, -0, 0, 0
14.0201, -0, -0, 0, 0
14.0234, -0, -0, 0, 0
14.0268, -0, -0, 0, 0
14.0301, -0, -0, 0, 0
14.0334, -0, -0, 0, 0
14.0368, -0, -0, 0, 0
14.0401, -0, -0, 0, 0
14.0434, -0, -0, 0, 0
14.0467, -0, -0, 0, 0
14.0501, -0, -0, 0, 0
14.0534, -0, -0, 0, 0
14.0568, -0, -0, 0, 0
14.0601, -0, -0, 0, 0
14.0634, -0, -0, 0, 0
14.0667, -0, -0, 0, 0
14.0701, -0, -0, 0, 0
14.0734, -0, -0, 0, 0
14.0768, -0, -0, 0, 0
14.0801, -0, -0, 0, 0
14.0834, -0, -0, 0, 0
14.0868, -0, -0, 0, 0
14.0901, -0, -0, 0, 0
14.0934, -0, -0, 0, 0
14.0968, -0, -0, 0, 0
14.1001, -0, -0, 0, 0
14.1034, -0, -0, 0, 0
14.1068, -0, -0, 0, 0
14.1101, -0, -0, 0, 0
14.1134, -0, -0, 0, 0
14.1168, -0, -0, 0, 0
14.1201, -0, -0, 0, 0
14.1234, -0, -0, 0, 0
14.1268, -0, -0, 0, 0
14.1301, -0, -0, 0, 0
14.1334, -0, -0, 0, 0
14.1368, -0, -0, 0, 0
14.1401, -0, -0, 0, 0
14.1434, -0, -0, 0, 0
14.1468, -0, -0, 0, 0
14.1501, -0, -0, 0, 0
14.1534, -0, -0, 0, 0
14.1568, -0, -0, 0, 0
14.1601, -0, -0, 0, 0
14.1634, -0, -0, 0, 0
14.1668, -0, -0, 0, 0
14.1701, -0, -0, 0, 0
14.1734, -0, -0, 0, 0
14.1768, -0, -0, 0, 0
14.1801, -0, -0, 0, 0
14.1834, -0, -0, 0, 0
14.1868, -0, -0, 0, 0
14.1901, -0, -0, 0, 0
14.1935, -0, -0, 0, 0
14.1968, -0, -0, 0, 0
14.2001, -0, -0, 0, 0
14.2034, -0, -0, 0, 0
14.2067, -0, -0, 0, 0
14.2101, -0, -0, 0, 0
14.2134, -0, -0, 0, 0
14.2168, -0, -0, 0, 0
14.2201, -0, -0, 0, 0
14.2234, -0, -0, 0, 0
14.2268, -0, -0, 0, 0
14.2301, -0, -0, 0, 0
14.2334, -0, -0, 0, 0
14.2367, -0, -0, 0, 0
14.2401, -0, -0, 0, 0
14.2434, -0, -0, 0, 0
14.2468, -0, -0, 0, 0
14.2501, -0, -0, 0, 0
14.2534, -0, -0, 0, 0
14.2568, -0, -0, 0, 0
14.2601, -0, -0, 0, 0
14.2634, -0, -0, 0, 0
14.2668, -0, -0, 0, 0
14.2701, -0, -0, 0, 0
14.2734, -0, -0, 0, 0
14.2768, -0, -0, 0, 0
14.2801, -0, -0, 0, 0
14.2834, -0, -0, 0, 0
14.2868, -0, -0, 0, 0
14.2901, -0, -0, 0, 0
14.2934, -0, -0, 0, 0
14.2968, -0, -0, 0, 0
14.3001, -0, -0, 0, 0
14.3034, -0, -0, 0, 0
14.3068, -0, -0, 0, 0
14.3101, -0, -0, 0, 0
14.3134, -0, -0, 0, 0
14.3168, -0, -0, 0, 0
14.3201, -0, -0, 0, 0
14.3234, -0, -0, 0, 0
14.3268, -0, -0, 0, 0
14.3301, -0, -0, 0, 0
14.3334, -0, -0, 0, 0
14.3368, -0, -0, 0, 0
14.3401, -0, -0, 0, 0
14.3434, -0, -0, 0, 0
14.3467, -0, -0, 0, 0
14.3501, -0, -0, 0, 0
14.3534, -0, -0, 0, 0
14.3568, -0, -0, 0, 0
14.3601, -0, -0, 0, 0
14.3634, -0, -0, 0, 0
14.3668, -0, -0, 0, 0
14.3701, -0, -0, 0, 0
14.3734, -0, -0, 0, 0
14.3767, -0, -0, 0, 0
14.3801, -0, -0, 0, 0
14.3834, -0, -0, 0, 0
14.3868, -0, -0, 0, 0
14.3901, -0, -0, 0, 0
14.3934, -0, -0, 0, 0
14.3968, -0, -0, 0, 0
14.4001, -0, -0, 0, 0
14.4035, -0, -0, 0, 0
14.4067, -0, -0, 0, 0
14.4101, -0, -0, 0, 0
14.4134, -0, -0, 0, 0
14.4168, -0, -0, 0, 0
14.4201, -0, -0, 0, 0
14.4234, -0, -0, 0, 0
14.4268, -0, -0, 0, 0
14.4301, -0, -0, 0, 0
14.4334, -0, -0, 0, 0
14.4368, -0, -0, 0, 0
14.4401, -0, -0, 0, 0
14.4434, -0, -0, 0, 0
14.4468, -0, -0, 0, 0
14.4501, -0, -0, 0, 0
14.4534, -0, -0, 0, 0
14.4568, -0, -0, 0, 0
14.4601, -0, -0, 0, 0
14.4634, -0, -0, 0, 0
14.4668, -0, -0, 0, 0
14.4701, -0, -0, 0, 0
14.4734, -0, -0, 0, 0
14.4768, -0, -0, 0, 0
14.4801, -0, -0, 0, 0
14.4834, -0, -0, 0, 0
14.4868, -0, -0, 0, 0
14.4901, -0, -0, 0, 0
14.4935, -0, -0, 0, 0
14.4968, -0, -0, 0, 0
14.5001, -0, -0, 0, 0
14.5034, -0, -0, 0, 0
14.5068, -0, -0, 0, 0
14.5101, -0, -0, 0, 0
14.5134, -0, -0, 0, 0
14.5168, -0, -0, 0, 0
14.5201, -0, -0, 0, 0
14.5234, -0, -0, 0, 0
14.5268, -0, -0, 0, 0
14.5301, -0, -0, 0, 0
14.5334, -0, -0, 0, 0
14.5368, -0, -0, 0, 0
14.5401, -0, -0, 0, 0
14.5434, -0, -0, 0, 0
14.5467, -0, -0, 0, 0
14.5501, -0, -0, 0, 0
14.5534, -0, -0, 0, 0
14.5568, -0, -0, 0, 0
14.5601, -0, -0, 0, 0
14.5634, -0, -0, 0, 0
14.5667, -0, -0, 0, 0
14.5701, -0, -0, 0, 0
14.5734, -0, -0, 0, 0
14.5768, -0, -0, 0, 0
14.5801, -0, -0, 0, 0
14.5834, -0, -0, 0, 0
14.5868, -0, -0, 0, 0
14.5901, -0, -0, 0, 0
14.5934, -0, -0, 0, 0
14.5968, -0, -0, 0, 0
14.6001, -0, -0, 0, 0
14.6034, -0, -0, 0, 0
14.6068, -0, -0, 0, 0
14.6101, -0, -0, 0, 0
14.6134, -0, -0, 0, 0
14.6168, -0, -0, 0, 0
14.6201, -0, -0, 0, 0
14.6235, -0, -0, 0, 0
14.6268, -0, -0, 0, 0
14.6301, -0, -0, 0, 0
14.6335, -0, -0, 0, 0
14.6368, -0, -0, 0, 0
14.6401, -0, -0, 0, 0
14.6434, -0, -0, 0, 0
14.6468, -0, -0, 0, 0
14.6501, -0, -0, 0, 0
14.6534, -0, -0, 0, 0
14.6568, -0, -0, 0, 0
14.6601, -0, -0, 0, 0
14.6634, -0, -0, 0, 0
14.6668, -0, -0, 0, 0
14.6701, -0, -0, 0, 0
14.6734, -0, -0, 0, 0
14.6768, -0, -0, 0, 0
14.6801, -0, -0, 0, 0
14.6834, -0, -0, 0, 0
14.6867, -0, -0, 0, 0
14.6901, -0, -0, 0, 0
14.6934, -0, -0, 0, 0
14.6968, -0, -0, 0, 0
14.7001, -0, -0, 0, 0
14.7034, -0, -0, 0, 0
14.7068, -0, -0, 0, 0
14.7101, -0, -0, 0, 0
14.7134, -0, -0, 0, 0
14.7168, -0, -0, 0, 0
14.7202, -0, -0, 0, 0
14.7235, -0, -0, 0, 0
14.7268, -0, -0, 0, 0
14.7301, -0, -0, 0, 0
14.7334, -0, -0, 0, 0
14.7368, -0, -0, 0, 0
14.7401, -0, -0, 0, 0
14.7434, -0, -0, 0, 0
14.7468, -0, -0, 0, 0
14.7501, -0, -0, 0, 0
14.7534, -0, -0, 0, 0
14.7568, -0, -0, 0, 0
14.7601, -0, -0, 0, 0
14.7634, -0, -0, 0, 0
14.7668, -0, -0, 0, 0
14.7701, -0, -0, 0, 0
14.7734, -0, -0, 0, 0
14.7768, -0, -0, 0, 0
14.7801, -0, -0, 0, 0
14.7834, -0, -0, 0, 0
14.7868, -0, -0, 0, 0
14.7901, -0, -0, 0, 0
14.7934, -0, -0, 0, 0
14.7968, -0, -0, 0, 0
14.8001, -0, -0, 0, 0
14.8034, -0, -0, 0, 0
14.8068, -0, -0, 0, 0
14.8101, -0, -0, 0, 0
14.8135, -0, -0, 0, 0
14.8168, -0, -0, 0, 0
14.8201, -0, -0, 0, 0
14.8234, -0, -0, 0, 0
14.8268, -0, -0, 0, 0
14.8301, -0, -0, 0, 0
14.8334, -0, -0, 0, 0
14.8368, -0, -0, 0, 0
14.8401, -0, -0, 0, 0
14.8434, -0, -0, 0, 0
14.8468, -0, -0, 0, 0
14.8501, -0, -0, 0, 0
14.8534, -0, -0, 0, 0
14.8568, -0, -0, 0, 0
14.8601, -0, -0, 0, 0
14.8634, -0, -0, 0, 0
14.8668, -0, -0, 0, 0
14.8701, -0, -0, 0, 0
14.8734, -0, -0, 0, 0
14.8768, -0, -0, 0, 0
14.8801, -0, -0, 0, 0
14.8834, -0, -0, 0, 0
14.8867, -0, -0, 0, 0
14.8901, -0, -0, 0, 0
14.8934, -0, -0, 0, 0
14.8968, -0, -0, 0, 0
14.9001, -0, -0, 0, 0
14.9034, -0, -0, 0, 0
14.9068, -0, -0, 0, 0
14.9101, -0, -0, 0, 0
14.9134, -0, -0, 0, 0
14.9168, -0, -0, 0, 0
14.9201, -0, -0, 0, 0
14.9234, -0, -0, 0, 0
14.9268, -0, -0, 0, 0
14.9301, -0, -0, 0, 0
14.9335, -0, -0, 0, 0
14.9368, -0, -0, 0, 0
14.9401, -0, -0, 0, 0
14.9434, -0, -0, 0, 0
14.9468, -0, -0, 0, 0
14.9501, -0, -0, 0, 0
14.9534, -0, -0, 0, 0
14.9568, -0, -0, 0, 0
14.9601, -0, -0, 0, 0
14.9634, -0, -0, 0, 0
14.9668, -0, -0, 0, 0
14.9701, -0, -0, 0, 0
14.9734, -0, -0, 0, 0
14.9768, -0, -0, 0, 0
14.9801, -0, -0, 0, 0
14.9835, -0, -0, 0, 0
14.9868, -0, -0, 0, 0
14.9901, -0, -0, 0, 0
14.9934, -0, -0, 0, 0
14.9968, -0, -0, 0, 0
15.0001, -0, -0, 0, 0
15.0035, -0, -0, 0, 0
15.0068, -0, -0, 0, 0
15.0101, -0, -0, 0, 0
15.0134, -0, -0, 0, 0
15.0168, -0, -0, 0, 0
15.0201, -0, -0, 0, 0
15.0234, -0, -0, 0, 0
15.0268, -0, -0, 0, 0
15.0301, -0, -0, 0, 0
15.0334, -0, -0, 0, 0
15.0367, -0, -0, 0, 0
15.0401, -0, -0, 0, 0
15.0434, -0, -0, 0, 0
15.0468, -0, -0, 0, 0
15.0501, -0, -0, 0, 0
15.0534, -0, -0, 0, 0
15.0568, -0, -0, 0, 0
15.0601, -0, -0, 0, 0
15.0634, -0, -0, 0, 0
15.0668, -0, -0, 0, 0
15.0701, -0, -0, 0, 0
15.0734, -0, -0, 0, 0
15.0768, -0, -0, 0, 0
15.0801, -0, -0, 0, 0
15.0834, -0, -0, 0, 0
15.0868, -0, -0, 0, 0
15.0901, -0, -0, 0, 0
15.0934, -0, -0, 0, 0
15.0968, -0, -0, 0, 0
15.1001, -0, -0, 0, 0
15.1034, -0, -0, 0, 0
15.1068, -0, -0, 0, 0
15.1101, -0, -0, 0, 0
15.1134, -0, -0, 0, 0
15.1168, -0, -0, 0, 0
15.1201, -0, -0, 0, 0
15.1234, -0, -0, 0, 0
15.1268, -0, -0, 0, 0
15.1301, -0, -0, 0, 0
15.1334, -0, -0, 0, 0
15.1368, -0, -0, 0, 0
15.1401, -0, -0, 0, 0
15.1434, -0, -0, 0, 0
15.1468, -0, -0, 0, 0
15.1501, -0, -0, 0, 0
15.1534, -0, -0, 0, 0
15.1568, -0, -0, 0, 0
15.1601, -0, -0, 0, 0
15.1634, -0, -0, 0, 0
15.1668, -0, -0, 0, 0
15.1701, -0, -0, 0, 0
15.1734, -0, -0, 0, 0
15.1768, -0, -0, 0, 0
15.1801, -0, -0, 0, 0
15.1834, -0, -0, 0, 0
15.1868, -0, -0, 0, 0
15.1901, -0, -0, 0, 0
15.1934, -0, -0, 0, 0
15.1968, -0, -0, 0, 0
15.2001, -0, -0, 0, 0
15.2034, -0, -0, 0, 0
15.2068, -0, -0, 0, 0
15.2101, -0, -0, 0, 0
15.2134, -0, -0, 0, 0
15.2168, -0, -0, 0, 0
15.2201, -0, -0, 0, 0
15.2234, -0, -0, 0, 0
15.2268, -0, -0, 0, 0
15.2301, -0, -0, 0, 0
15.2334, -0, -0, 0, 0
15.2368, -0, -0, 0, 0
15.2401, -0, -0, 0, 0
15.2434, -0, -0, 0, 0
15.2468, -0, -0, 0, 0
15.2501, -0, -0, 0, 0
15.2534, -0, -0, 0, 0
15.2568, -0, -0, 0, 0
15.2601, -0, -0, 0, 0
15.2635, -0, -0, 0, 0
15.2667, -0, -0, 0, 0
15.2701, -0, -0, 0, 0
15.2734, -0, -0, 0, 0
15.2768, -0, -0, 0, 0
15.2801, -0, -0, 0, 0
15.2834, -0, -0, 0, 0
15.2868, -0, -0, 0, 0
15.2901, -0, -0, 0, 0
15.2934, -0, -0, 0, 0
15.2968, -0, -0, 0, 0
15.3001, -0, -0, 0, 0
15.3034, -0, -0, 0, 0
15.3068, -0, -0, 0, 0
15.3101, -0, -0, 0, 0
15.3134, -0, -0, 0, 0
15.3168, -0, -0, 0, 0
15.3201, -0, -0, 0, 0
15.3234, -0, -0, 0, 0
15.3268, -0, -0, 0, 0
15.3301, -0, -0, 0, 0
15.3334, -0, -0, 0, 0
15.3368, -0, -0, 0, 0
15.3401, -0, -0, 0, 0
15.3434, -0, -0, 0, 0
15.3468, -0, -0, 0, 0
15.3501, -0, -0, 0, 0
15.3534, -0, -0, 0, 0
15.3567, -0, -0, 0, 0
15.3601, -0, -0, 0, 0
15.3634, -0, -0, 0, 0
15.3668, -0, -0, 0, 0
15.3701, -0, -0, 0, 0
15.3734, -0, -0, 0, 0
15.3768, -0, -0, 0, 0
15.3801, -0, -0, 0, 0
15.3834, -0, -0, 0, 0
15.3868, -0, -0, 0, 0
15.3901, -0, -0, 0, 0
15.3934, -0, -0, 0, 0
15.3968, -0, -0, 0, 0
15.4001, -0, -0, 0, 0
15.4034, -0, -0, 0, 0
15.4068, -0, -0, 0, 0
15.4101, -0, -0, 0, 0
15.4134, -0, -0, 0, 0
15.4168, -0, -0, 0, 0
15.4201, -0, -0, 0, 0
15.4234, -0, -0, 0, 0
15.4268, -0, -0, 0, 0
15.4301, -0, -0, 0, 0
15.4334, -0, -0, 0, 0
15.4368, -0, -0, 0, 0
15.4401, -0, -0, 0, 0
15.4434, -0, -0, 0, 0
15.4468, -0, -0, 0, 0
15.4501, -0, -0, 0, 0
15.4534, -0, -0, 0, 0
15.4568, -0, -0, 0, 0
15.4601, -0, -0, 0, 0
15.4634, -0, -0, 0, 0
15.4668, -0, -0, 0, 0
15.4701, -0, -0, 0, 0
15.4734, -0, -0, 0, 0
15.4768, -0, -0, 0, 0
15.4801, -0, -0, 0, 0
15.4834, -0, -0, 0, 0
15.4868, -0, -0, 0, 0
15.4901, -0, -0, 0, 0
15.4935, -0, -0, 0, 0
15.4967, -0, -0, 0, 0
15.5001, -0, -0, 0, 0
15.5034, -0, -0, 0, 0
15.5068, -0, -0, 0, 0
15.5101, -0, -0, 0, 0
15.5134, -0, -0, 0, 0
15.5168, -0, -0, 0, 0
15.5201, -0, -0, 0, 0
15.5234, -0, -0, 0, 0
15.5268, -0, -0, 0, 0
15.5301, -0, -0, 0, 0
15.5334, -0, -0, 0, 0
15.5367, -0, -0, 0, 0
15.5401, -0, -0, 0, 0
15.5434, -0, -0, 0, 0
15.5468, -0, -0, 0, 0
15.5501, -0, -0, 0, 0
15.5534, -0, -0, 0, 0
15.5568, -0, -0, 0, 0
15.5601, -0, -0, 0, 0
15.5634, -0, -0, 0, 0
15.5668, -0, -0, 0, 0
15.5701, -0, -0, 0, 0
15.5734, -0, -0, 0, 0
15.5768, -0, -0, 0, 0
15.5801, -0, -0, 0, 0
15.5834, -0, -0, 0, 0
15.5867, -0, -0, 0, 0
15.5901, -0, -0, 0, 0
15.5934, -0, -0, 0, 0
15.5968, -0, -0, 0, 0
15.6001, -0, -0, 0, 0
15.6035, -0, -0, 0, 0
15.6068, -0, -0, 0, 0
15.6101, -0, -0, 0, 0
15.6134, -0, -0, 0, 0
15.6168, -0, -0, 0, 0
15.6201, -0, -0, 0, 0
15.6234, -0, -0, 0, 0
15.6268, -0, -0, 0, 0
15.6301, -0, -0, 0, 0
15.6334, -0, -0, 0, 0
15.6368, -0, -0, 0, 0
15.6401, -0, -0, 0, 0
15.6434, -0, -0, 0, 0
15.647, -0, -0, 0, 0
15.6501, -0, -0, 0, 0
15.6534, -0, -0, 0, 0
15.6568, -0, -0, 0, 0
15.6601, -0, -0, 0, 0
15.6634, -0, -0, 0, 0
15.6668, -0, -0, 0, 0
15.6701, -0, -0, 0, 0
15.6734, -0, -0, 0, 0
15.6768, -0, -0, 0, 0
15.6801, -0, -0, 0, 0
15.6835, -0, -0, 0, 0
15.6868, -0, -0, 0, 0
15.6901, -0, -0, 0, 0
15.6934, -0, -0, 0, 0
15.6968, -0, -0, 0, 0
15.7001, -0, -0, 0, 0
15.7034, -0, -0, 0, 0
15.7068, -0, -0, 0, 0
15.7101, -0, -0, 0, 0
15.7134, -0, -0, 0, 0
15.7168, -0, -0, 0, 0
15.7201, -0, -0, 0, 0
15.7234, -0, -0, 0, 0
15.7268, -0, -0, 0, 0
15.7301, -0, -0, 0, 0
15.7334, -0, -0, 0, 0
15.7368, -0, -0, 0, 0
15.7401, -0, -0, 0, 0
15.7434, -0, -0, 0, 0
15.7467, -0, -0, 0, 0
15.7501, -0, -0, 0, 0
15.7534, -0, -0, 0, 0
15.7567, -0, -0, 0, 0
15.7601, -0, -0, 0, 0
15.7634, -0, -0, 0, 0
15.7668, -0, -0, 0, 0
15.7701, -0, -0, 0, 0
15.7734, -0, -0, 0, 0
15.7768, -0, -0, 0, 0
15.7801, -0, -0, 0, 0
15.7834, -0, -0, 0, 0
15.7868, -0, -0, 0, 0
15.7901, -0, -0, 0, 0
15.7934, -0, -0, 0, 0
15.7968, -0, -0, 0, 0
15.8001, -0, -0, 0, 0
15.8034, -0, -0, 0, 0
15.8067, -0, -0, 0, 0
15.8101, -0, -0, 0, 0
15.8134, -0, -0, 0, 0
15.8168, -0, -0, 0, 0
15.8201, -0, -0, 0, 0
15.8234, -0, -0, 0, 0
15.8268, -0, -0, 0, 0
15.8301, -0, -0, 0, 0
15.8334, -0, -0, 0, 0
15.8368, -0, -0, 0, 0
15.8401, -0, -0, 0, 0
15.8434, -0, -0, 0, 0
15.8468, -0, -0, 0, 0
15.8501, -0, -0, 0, 0
15.8534, -0, -0, 0, 0
15.8568, -0, -0, 0, 0
15.8601, -0, -0, 0, 0
15.8634, -0, -0, 0, 0
15.8668, -0, -0, 0, 0
15.8701, -0, -0, 0, 0
15.8734, -0, -0, 0, 0
15.8768, -0, -0, 0, 0
15.8801, -0, -0, 0, 0
15.8834, -0, -0, 0, 0
15.8868, -0, -0, 0, 0
15.8901, -0, -0, 0, 0
15.8934, -0, -0, 0, 0
15.8968, -0, -0, 0, 0
15.9001, -0, -0, 0, 0
15.9034, -0, -0, 0, 0
15.9068, -0, -0, 0, 0
15.9101, -0, -0, 0, 0
15.9134, -0, -0, 0, 0
15.9168, -0, -0, 0, 0
15.9201, -0, -0, 0, 0
15.9234, -0, -0, 0, 0
15.9268, -0, -0, 0, 0
15.9301, -0, -0, 0, 0
15.9334, -0, -0, 0, 0
15.9368, -0, -0, 0, 0
15.9401, -0, -0, 0, 0
15.9435, -0, -0, 0, 0
15.9468, -0, -0, 0, 0
15.9501, -0, -0, 0, 0
15.9534, -0, -0, 0, 0
15.9568, -0, -0, 0, 0
15.9601, -0, -0, 0, 0
15.9634, -0, -0, 0, 0
15.9668, -0, -0, 0, 0
15.9701, -0, -0, 0, 0
15.9734, -0, -0, 0, 0
15.9767, -0, -0, 0, 0
15.9801, -0, -0, 0, 0
15.9834, -0, -0, 0, 0
15.9868, -0, -0, 0, 0
15.9901, -0, -0, 0, 0
15.9934, -0, -0, 0, 0
15.9968, -0, -0, 0, 0
16.0001, -0, -0, 0, 0
16.0034, -0, -0, 0, 0
16.0068, -0, -0, 0, 0
16.0101, -0, -0, 0, 0
16.0134, -0, -0, 0, 0
16.0168, -0, -0, 0, 0
16.0201, -0, -0, 0, 0
16.0235, -0, -0, 0, 0
16.0267, -0, -0, 0, 0
16.0301, -0, -0, 0, 0
16.0334, -0, -0, 0, 0
16.0368, -0, -0, 0, 0
16.0401, -0, -0, 0, 0
16.0434, -0, -0, 0, 0
16.0468, -0, -0, 0, 0
16.0501, -0, -0, 0, 0
16.0534, -0, -0, 0, 0
16.0568, -0, -0, 0, 0
16.0601, -0, -0, 0, 0
16.0634, -0, -0, 0, 0
16.0668, -0, -0, 0, 0
16.0701, -0, -0, 0, 0
16.0734, -0, -0, 0, 0
16.0768, -0, -0, 0, 0
16.0801, -0, -0, 0, 0
16.0834, -0, -0, 0, 0
16.0868, -0, -0, 0, 0
16.0901, -0, -0, 0, 0
16.0934, -0, -0, 0, 0
16.0968, -0, -0, 0, 0
16.1001, -0, -0, 0, 0
16.1034, -0, -0, 0, 0
16.1068, -0, -0, 0, 0
16.1101, -0, -0, 0, 0
16.1134, -0, -0, 0, 0
16.1168, -0, -0, 0, 0
16.1201, -0, -0, 0, 0
16.1234, -0, -0, 0, 0
16.1268, -0, -0, 0, 0
16.1301, -0, -0, 0, 0
16.1334, -0, -0, 0, 0
16.1368, -0, -0, 0, 0
16.1401, -0, -0, 0, 0
16.1434, -0, -0, 0, 0
16.1468, -0, -0, 0, 0
16.1501, -0, -0, 0, 0
16.1534, -0, -0, 0, 0
16.1568, -0, -0, 0, 0
16.1601, -0, -0, 0, 0
16.1634, -0, -0, 0, 0
16.1668, -0, -0, 0, 0
16.1701, -0, -0, 0, 0
16.1734, -0, -0, 0, 0
16.1768, -0, -0, 0, 0
16.1801, -0, -0, 0, 0
16.1834, -0, -0, 0, 0
16.1868, -0, -0, 0, 0
16.1901, -0, -0, 0, 0
16.1934, -0, -0, 0, 0
16.1968, -0, -0, 0, 0
16.2001, -0, -0, 0, 0
16.2034, -0, -0, 0, 0
16.2068, -0, -0, 0, 0
16.2101, -0, -0, 0, 0
16.2134, -0, -0, 0, 0
16.2168, -0, -0, 0, 0
16.2201, -0, -0, 0, 0
16.2234, -0, -0, 0, 0
16.2267, -0, -0, 0, 0
16.2301, -0, -0, 0, 0
16.2334, -0, -0, 0, 0
16.2368, -0, -0, 0, 0
16.2401, -0, -0, 0, 0
16.2434, -0, -0, 0, 0
16.2468, -0, -0, 0, 0
16.2501, -0, -0, 0, 0
16.2534, -0, -0, 0, 0
16.2568, -0, -0, 0, 0
16.2601, -0, -0, 0, 0
16.2634, -0, -0, 0, 0
16.2668, -0, -0, 0, 0
16.2701, -0, -0, 0, 0
16.2734, -0, -0, 0, 0
16.2767, -0, -0, 0, 0
16.2801, -0, -0, 0, 0
16.2834, -0, -0, 0, 0
16.2868, -0, -0, 0, 0
16.2901, -0, -0, 0, 0
16.2934, -0, -0, 0, 0
16.2968, -0, -0, 0, 0
16.3001, -0, -0, 0, 0
16.3034, -0, -0, 0, 0
16.3068, -0, -0, 0, 0
16.3101, -0, -0, 0, 0
16.3134, -0, -0, 0, 0
16.3168, -0, -0, 0, 0
16.3201, -0, -0, 0, 0
16.3234, -0, -0, 0, 0
16.3267, -0, -0, 0, 0
16.3301, -0, -0, 0, 0
16.3334, -0, -0, 0, 0
16.3367, -0, -0, 0, 0
16.3401, -0, -0, 0, 0
16.3434, -0, -0, 0, 0
16.3468, -0, -0, 0, 0
16.3501, -0, -0, 0, 0
16.3534, -0, -0, 0, 0
16.3568, -0, -0, 0, 0
16.3601, -0, -0, 0, 0
16.3634, -0, -0, 0, 0
16.3667, -0, -0, 0, 0
16.3701, -0, -0, 0, 0
16.3734, -0, -0, 0, 0
16.3769, -0, -0, 0, 0
16.3801, -0, -0, 0, 0
16.3834, -0, -0, 0, 0
16.3868, -0, -0, 0, 0
16.3901, -0, -0, 0, 0
16.3934, -0, -0, 0, 0
16.3968, -0, -0, 0, 0
16.4001, -0, -0, 0, 0
16.4034, -0, -0, 0, 0
16.4068, -0, -0, 0, 0
16.4101, -0, -0, 0, 0
16.4134, -0, -0, 0, 0
16.4168, -0, -0, 0, 0
16.4201, -0, -0, 0, 0
16.4234, -0, -0, 0, 0
16.4267, -0, -0, 0, 0
16.4301, -0, -0, 0, 0
16.4334, -0, -0, 0, 0
16.4368, -0, -0, 0, 0
16.4401, -0, -0, 0, 0
16.4434, -0, -0, 0, 0
16.4468, -0, -0, 0, 0
16.4501, -0, -0, 0, 0
16.4534, -0, -0, 0, 0
16.4568, -0, -0, 0, 0
16.4601, -0, -0, 0, 0
16.4635, -0, -0, 0, 0
16.4668, -0, -0, 0, 0
16.4701, -0, -0, 0, 0
16.4734, -0, -0, 0, 0
16.4768, -0, -0, 0, 0
16.4801, -0, -0, 0, 0
16.4834, -0, -0, 0, 0
16.4868, -0, -0, 0, 0
16.4901, -0, -0, 0, 0
16.4934, -0, -0, 0, 0
16.4968, -0, -0, 0, 0
16.5001, -0, -0, 0, 0
16.5034, -0, -0, 0, 0
16.5068, -0.308587, 0.000749719, -91.5222, 0.222355
16.5101, -0.308587, 0.000749719, 0, 0
16.5134, -0.308587, 0.000749719, 0, 0
16.5168, -0.308587, 0.000749719, 0, 0
16.5201, -0.308587, 0.000749719, 0, 0
16.5234, -0.308587, 0.000749719, 0, 0
16.5267, -0.308587, 0.000749719, 0, 0
16.5301, -0.308587, 0.000749719, 0, 0
16.5334, -0.308587, 0.000749719, 0, 0
16.5368, -0.308587, 0.000749719, 0, 0
16.5401, -0.308587, 0.000749719, 0, 0
16.5434, -0.308587, 0.000749719, 0, 0
16.5467, -0.308587, 0.000749719, 0, 0
16.5501, -0.308587, 0.000749719, 0, 0
16.5534, -0.308587, 0.000749719, 0, 0
16.5567, -0.308587, 0.000749719, 0, 0
16.5601, -0.308587, 0.000749719, 0, 0
16.5634, -0.308587, 0.000749719, 0, 0
16.5667, -0.308587, 0.000749719, 0, 0
16.5701, -0.308587, 0.000749719, 0, 0
16.5735, -0.308587, 0.000749719, 0, 0
16.5768, -0.308587, 0.000749719, 0, 0
16.5801, -0.308587, 0.000749719, 0, 0
16.5834, -0.308587, 0.000749719, 0, 0
16.5867, -0.308587, 0.000749719, 0, 0
16.5901, -0.308587, 0.000749719, 0, 0
16.5934, -0.308587, 0.000749719, 0, 0
16.5968, -0.308587, 0.000749719, 0, 0
16.6001, -0.308587, 0.000749719, 0, 0
16.6034, -0.308587, 0.000749719, 0, 0
16.6068, -0.308587, 0.000749719, 0, 0
16.6101, -0.308587, 0.000749719, 0, 0
16.6134, -0.308587, 0.000749719, 0, 0
16.6168, -0.308587, 0.000749719, 0, 0
16.6201, -0.308587, 0.000749719, 0, 0
16.6234, -0.308587, 0.000749719, 0, 0
16.6268, -0.308587, 0.000749719, 0, 0
16.6301, -0.308587, 0.000749719, 0, 0
16.6334, -0.308587, 0.000749719, 0, 0
16.6368, -0.30782, 0.309337, 0.229886, 92.5497
16.6401, -0.30782, 0.309337, 0, 0
16.6434, -0.30782, 0.309337, 0, 0
16.6467, -0.30782, 0.309337, 0, 0
16.6501, -0.30782, 0.309337, 0, 0
16.6534, -0.30782, 0.309337, 0, 0
16.6567, -0.30782, 0.309337, 0, 0
16.6601, -0.30782, 0.309337, 0, 0
16.6634, -0.30782, 0.309337, 0, 0
16.6667, -0.30782, 0.309337, 0, 0
16.6701, -0.30782, 0.309337, 0, 0
16.6734, -0.30782, 0.309337, 0, 0
16.6767, -0.30782, 0.309337, 0, 0
16.6801, -0.30782, 0.309337, 0, 0
16.6834, 0.000766496, 0.308584, 92.5166, -0.225769
16.6868, 0.000766496, 0.308584, 0, 0
16.6901, 0.000766496, 0.308584, 0, 0
16.6934, 0.309353, 0.307838, 92.5894, -0.223702
16.6968, 0.309353, 0.307838, 0, 0
16.7001, 0.309353, 0.307838, 0, 0
16.7034, 0.309353, 0.307838, 0, 0
16.7068, 0.309353, 0.307838, 0, 0
16.7101, 0.309353, 0.307838, 0, 0
16.7134, 0.309346, 0.307838, -0.00214942, 5.21963e-06
16.7168, 0.309346, 0.307838, 0, 0
16.7201, 0.309346, 0.307838, 0, 0
16.7234, 0.309346, 0.307838, 0, 0
16.7268, 0.309346, 0.307838, 0, 0
16.7301, 0.309346, 0.307838, 0, 0
16.7334, 0.309346, 0.307838, 0, 0
16.7368, 0.309346, 0.307838, 0, 0
16.7401, 0.309346, 0.307838, 0, 0
16.7434, 0.309346, 0.307838, 0, 0
16.7467, 0.617933, 0.307077, 92.3055, -0.227759
16.7501, 0.617933, 0.307077, 0, 0
16.7534, 0.617933, 0.307077, 0, 0
16.7568, 0.617933, 0.307077, 0, 0
16.7601, 0.927285, 0.614901, 92.62, 92.1629
16.7634, 0.927285, 0.614901, 0, 0
16.7668, 0.927285, 0.614901, 0, 0
16.7701, 0.927285, 0.614901, 0, 0
16.7734, 0.927285, 0.614901, 0, 0
16.7767, 0.927285, 0.614901, 0, 0
16.7801, 0.927285, 0.614901, 0, 0
16.7834, 0.928079, 0.923488, 0.238459, 92.6424
16.7868, 0.928079, 0.923488, 0, 0
16.7901, 0.928079, 0.923488, 0, 0
16.7934, 0.927278, 0.614901, -0.238799, -91.9709
16.7968, 0.927278, 0.614901, 0, 0
16.8001, 0.927278, 0.614901, 0, 0
16.8034, 0.310902, 0.925068, -184.32, 92.7516
16.8068, 0.310902, 0.925068, 0, 0
16.8101, 0.310902, 0.925068, 0, 0
16.8134, 0.310902, 0.925068, 0, 0
16.8168, 0.311662, 1.23365, 0.22649, 91.984
16.8201, 0.311662, 1.23365, 0, 0
16.8234, 0.311662, 1.23365, 0, 0
16.8268, 0.928836, 1.23214, 184.44, -0.452058
16.8301, 0.928836, 1.23214, 0, 0
16.8334, 0.928836, 1.23214, 0, 0
16.8368, 1.54601, 1.23063, 184.454, -0.452976
16.8402, 1.54601, 1.23063, 0, 0
16.8434, 1.54601, 1.23063, 0, 0
16.8468, 1.54601, 1.23063, 0, 0
16.8501, 1.54678, 1.53921, 0.228939, 92.2134
16.8534, 1.54678, 1.53921, 0, 0
16.8567, 1.54678, 1.53921, 0, 0
16.8601, 1.23819, 1.54002, -91.6453, 0.238346
16.8634, 1.23819, 1.54002, 0, 0
16.8668, 1.23819, 1.54002, 0, 0
16.8702, 1.54767, 1.84775, 90.9244, 90.4138
16.8734, 1.54767, 1.84775, 0, 0
16.8768, 1.54767, 1.84775, 0, 0
16.8801, 1.54767, 1.84775, 0, 0
16.8834, 1.85716, 2.15543, 92.6091, 92.0661
16.8868, 1.85716, 2.15543, 0, 0
16.8901, 1.85716, 2.15543, 0, 0
16.8934, 1.54857, 2.15637, -92.6821, 0.28065
16.8968, 1.54857, 2.15637, 0, 0
16.9001, 1.54857, 2.15637, 0, 0
16.9034, 1.54857, 2.15637, 0, 0
16.9068, 1.54857, 2.15637, 0, 0
16.9101, 1.54857, 2.15637, 0, 0
16.9134, 1.54857, 2.15637, 0, 0
16.9167, 1.54857, 2.15637, 0, 0
16.9201, 1.54857, 2.15637, 0, 0
16.9234, 1.54857, 2.15637, 0, 0
16.9268, 1.54753, 1.84778, -0.310992, -92.1016
16.9301, 1.54753, 1.84778, 0, 0
16.9334, 1.54753, 1.84778, 0, 0
16.9368, 1.85612, 1.8467, 92.4634, -0.323938
16.9401, 1.85612, 1.8467, 0, 0
16.9434, 1.85612, 1.8467, 0, 0
16.9468, 1.85503, 1.53811, -0.323792, -92.2197
16.9501, 1.85503, 1.53811, 0, 0
16.9534, 1.85503, 1.53811, 0, 0
16.9568, 1.85503, 1.53811, 0, 0
16.9601, 1.8561, 1.8467, 0.319624, 92.4569
16.9634, 1.8561, 1.8467, 0, 0
16.9668, 1.8561, 1.8467, 0, 0
16.9701, 1.8561, 1.8467, 0, 0
16.9734, 1.8561, 1.8467, 0, 0
16.9768, 1.8561, 1.8467, 0, 0
16.9801, 1.8561, 1.8467, 0, 0
16.9834, 1.8561, 1.8467, 0, 0
16.9868, 1.8561, 1.8467, 0, 0
16.9901, 1.8561, 1.8467, 0, 0
16.9934, 1.8561, 1.8467, 0, 0
16.9968, 1.8561, 1.8467, 0, 0
17.0001, 1.8561, 1.8467, 0, 0
17.0034, 1.8561, 1.8467, 0, 0
17.0068, 1.8561, 1.8467, 0, 0
17.0101, 1.8561, 1.8467, 0, 0
17.0134, 1.8561, 1.8467, 0, 0
17.0168, 1.8561, 1.8467, 0, 0
17.0201, 1.8561, 1.8467, 0, 0
17.0234, 1.8561, 1.8467, 0, 0
17.0267, 1.8561, 1.8467, 0, 0
17.0301, 1.8561, 1.8467, 0, 0
17.0334, 1.8561, 1.8467, 0, 0
17.0367, 1.8561, 1.8467, 0, 0
17.0401, 1.8561, 1.8467, 0, 0
17.0434, 1.8561, 1.8467, 0, 0
17.0468, 1.8561, 1.8467, 0, 0
17.0501, 1.8561, 1.8467, 0, 0
17.0534, 1.8561, 1.8467, 0, 0
17.0568, 1.8561, 1.8467, 0, 0
17.0601, 1.8561, 1.8467, 0, 0
17.0634, 1.8561, 1.8467, 0, 0
17.0668, 1.8561, 1.8467, 0, 0
17.0701, 1.8561, 1.8467, 0, 0
17.0734, 1.8561, 1.8467, 0, 0
17.0768, 1.8561, 1.8467, 0, 0
17.0801, 1.8561, 1.8467, 0, 0
17.0834, 1.8561, 1.8467, 0, 0
17.0868, 1.8561, 1.8467, 0, 0
17.0901, 1.8561, 1.8467, 0, 0
17.0934, 1.8561, 1.8467, 0, 0
17.0968, 1.8561, 1.8467, 0, 0
17.1001, 1.8561, 1.8467, 0, 0
17.1034, 1.8561, 1.8467, 0, 0
17.1067, 1.8561, 1.8467, 0, 0
17.1101, 1.8561, 1.8467, 0, 0
17.1134, 1.8561, 1.8467, 0, 0
17.1168, 1.8561, 1.8467, 0, 0
17.1201, 1.8561, 1.8467, 0, 0
17.1234, 1.8561, 1.8467, 0, 0
17.1268, 1.8561, 1.8467, 0, 0
17.1301, 1.8561, 1.8467, 0, 0
17.1334, 1.8561, 1.8467, 0, 0
17.1368, 1.8561, 1.8467, 0, 0
17.1401, 1.8561, 1.8467, 0, 0
17.1434, 1.8561, 1.8467, 0, 0
17.1467, 1.8561, 1.8467, 0, 0
17.1501, 1.8561, 1.8467, 0, 0
17.1534, 1.8561, 1.8467, 0, 0
17.1568, 1.8561, 1.8467, 0, 0
17.1601, 1.8561, 1.8467, 0, 0
17.1634, 1.8561, 1.8467, 0, 0
17.1668, 1.8561, 1.8467, 0, 0
17.1701, 1.8561, 1.8467, 0, 0
17.1734, 1.8561, 1.8467, 0, 0
17.1767, 1.8561, 1.8467, 0, 0
17.1801, 1.8561, 1.8467, 0, 0
17.1834, 1.8561, 1.8467, 0, 0
17.1868, 1.8561, 1.8467, 0, 0
17.1901, 1.8561, 1.8467, 0, 0
17.1934, 1.8561, 1.8467, 0, 0
17.1968, 1.8561, 1.8467, 0, 0
17.2001, 1.8561, 1.8467, 0, 0
17.2034, 1.8561, 1.8467, 0, 0
17.2068, 1.8561, 1.8467, 0, 0
17.2101, 1.8561, 1.8467, 0, 0
17.2134, 1.8561, 1.8467, 0, 0
17.2168, 1.8561, 1.8467, 0, 0
17.2201, 1.8561, 1.8467, 0, 0
17.2234, 1.8561, 1.8467, 0, 0
17.2268, 1.8561, 1.8467, 0, 0
17.2301, 1.8561, 1.8467, 0, 0
17.2334, 1.8561, 1.8467, 0, 0
17.2368, 1.8561, 1.8467, 0, 0
17.2401, 1.8561, 1.8467, 0, 0
17.2434, 1.8561, 1.8467, 0, 0
17.2467, 1.8561, 1.8467, 0, 0
17.2501, 1.8561, 1.8467, 0, 0
17.2534, 1.8561, 1.8467, 0, 0
17.2568, 1.8561, 1.8467, 0, 0
17.2601, 1.8561, 1.8467, 0, 0
17.2634, 1.8561, 1.8467, 0, 0
17.2668, 1.8561, 1.8467, 0, 0
17.2701, 1.8561, 1.8467, 0, 0
17.2734, 1.8561, 1.8467, 0, 0
17.2768, 1.8561, 1.8467, 0, 0
17.2801, 1.8561, 1.8467, 0, 0
17.2834, 1.8561, 1.8467, 0, 0
17.2868, 1.8561, 1.8467, 0, 0
17.2901, 1.8561, 1.8467, 0, 0
17.2934, 1.8561, 1.8467, 0, 0
17.2968, 1.8561, 1.8467, 0, 0
17.3001, 1.8561, 1.8467, 0, 0
17.3034, 1.8561, 1.8467, 0, 0
17.3068, 1.8561, 1.8467, 0, 0
17.3101, 1.8561, 1.8467, 0, 0
17.3134, 1.8561, 1.8467, 0, 0
17.3167, 1.8561, 1.8467, 0, 0
17.3201, 1.8561, 1.8467, 0, 0
17.3234, 1.8561, 1.8467, 0, 0
17.3268, 1.8561, 1.8467, 0, 0
17.3301, 1.8561, 1.8467, 0, 0
17.3334, 1.8561, 1.8467, 0, 0
17.3368, 1.8561, 1.8467, 0, 0
17.3401, 1.8561, 1.8467, 0, 0
17.3434, 1.8561, 1.8467, 0, 0
17.3468, 1.8561, 1.8467, 0, 0
17.3501, 1.8561, 1.8467, 0, 0
17.3534, 1.8561, 1.8467, 0, 0
17.3567, 1.8561, 1.8467, 0, 0
17.3601, 1.8561, 1.8467, 0, 0
17.3634, 1.8561, 1.8467, 0, 0
17.3668, 1.8561, 1.8467, 0, 0
17.3701, 1.8561, 1.8467, 0, 0
17.3734, 1.8561, 1.8467, 0, 0
17.3768, 1.8561, 1.8467, 0, 0
17.3801, 1.8561, 1.8467, 0, 0
17.3834, 1.8561, 1.8467, 0, 0
17.3868, 1.8561, 1.8467, 0, 0
17.3901, 1.8561, 1.8467, 0, 0
17.3934, 1.8561, 1.8467, 0, 0
17.3968, 1.8561, 1.8467, 0, 0
17.4001, 1.8561, 1.8467, 0, 0
17.4034, 1.8561, 1.8467, 0, 0
17.4068, 1.8561, 1.8467, 0, 0
17.4101, 1.8561, 1.8467, 0, 0
17.4134, 1.8561, 1.8467, 0, 0
17.4168, 1.8561, 1.8467, 0, 0
17.4201, 1.8561, 1.8467, 0, 0
17.4234, 1.8561, 1.8467, 0, 0
17.4268, 1.8561, 1.8467, 0, 0
17.4301, 1.8561, 1.8467, 0, 0
17.4334, 1.8561, 1.8467, 0, 0
17.4368, 1.8561, 1.8467, 0, 0
17.4401, 1.8561, 1.8467, 0, 0
17.4434, 1.8561, 1.8467, 0, 0
17.4468, 1.8561, 1.8467, 0, 0
17.4501, 1.8561, 1.8467, 0, 0
17.4534, 1.8561, 1.8467, 0, 0
17.4567, 1.8561, 1.8467, 0, 0
17.4601, 1.8561, 1.8467, 0, 0
17.4634, 1.8561, 1.8467, 0, 0
17.4668, 1.8561, 1.8467, 0, 0
17.4701, 1.8561, 1.8467, 0, 0
17.4734, 1.8561, 1.8467, 0, 0
17.4768, 1.8561, 1.8467, 0, 0
17.4801, 1.8561, 1.8467, 0, 0
17.4834, 1.8561, 1.8467, 0, 0
17.4868, 1.8561, 1.8467, 0, 0
17.4901, 1.8561, 1.8467, 0, 0
17.4934, 1.8561, 1.8467, 0, 0
17.4968, 1.8561, 1.8467, 0, 0
17.5001, 1.8561, 1.8467, 0, 0
17.5034, 1.8561, 1.8467, 0, 0
17.5068, 1.8561, 1.8467, 0, 0
17.5101, 1.8561, 1.8467, 0, 0
17.5134, 1.8561, 1.8467, 0, 0
17.5168, 1.8561, 1.8467, 0, 0
17.5201, 1.8561, 1.8467, 0, 0
17.5234, 1.8561, 1.8467, 0, 0
17.5268, 1.8561, 1.8467, 0, 0
17.5301, 1.8561, 1.8467, 0, 0
17.5334, 1.8561, 1.8467, 0, 0
17.5368, 1.8561, 1.8467, 0, 0
17.5401, 1.8561, 1.8467, 0, 0
17.5434, 1.8561, 1.8467, 0, 0
17.5468, 1.8561, 1.8467, 0, 0
17.5501, 1.8561, 1.8467, 0, 0
17.5534, 1.8561, 1.8467, 0, 0
17.5567, 1.8561, 1.8467, 0, 0
17.5601, 1.8561, 1.8467, 0, 0
17.5634, 1.8561, 1.8467, 0, 0
17.5668, 1.8561, 1.8467, 0, 0
17.5701, 1.8561, 1.8467, 0, 0
17.5734, 1.8561, 1.8467, 0, 0
17.5768, 1.8561, 1.8467, 0, 0
17.5801, 1.8561, 1.8467, 0, 0
17.5834, 1.8561, 1.8467, 0, 0
17.5868, 1.8561, 1.8467, 0, 0
17.5901, 1.8561, 1.8467, 0, 0
17.5934, 1.8561, 1.8467, 0, 0
17.5968, 1.8561, 1.8467, 0, 0
17.6001, 1.8561, 1.8467, 0, 0
17.6034, 1.8561, 1.8467, 0, 0
17.6068, 1.8561, 1.8467, 0, 0
17.6101, 1.8561, 1.8467, 0, 0
17.6134, 1.8561, 1.8467, 0, 0
17.6168, 1.8561, 1.8467, 0, 0
17.6201, 1.8561, 1.8467, 0, 0
17.6234, 1.8561, 1.8467, 0, 0
17.6268, 1.8561, 1.8467, 0, 0
17.6301, 1.8561, 1.8467, 0, 0
17.6334, 1.8561, 1.8467, 0, 0
17.6368, 1.8561, 1.8467, 0, 0
17.6401, 1.8561, 1.8467, 0, 0
17.6434, 1.8561, 1.8467, 0, 0
17.6468, 1.8561, 1.8467, 0, 0
17.6501, 1.8561, 1.8467, 0, 0
17.6534, 1.8561, 1.8467, 0, 0
17.6568, 1.8561, 1.8467, 0, 0
17.6601, 1.8561, 1.8467, 0, 0
17.6634, 1.8561, 1.8467, 0, 0
17.6668, 1.8561, 1.8467, 0, 0
17.6701, 1.8561, 1.8467, 0, 0
17.6734, 1.8561, 1.8467, 0, 0
17.6767, 1.8561, 1.8467, 0, 0
17.6801, 1.8561, 1.8467, 0, 0
17.6834, 1.8561, 1.8467, 0, 0
17.6868, 1.8561, 1.8467, 0, 0
17.6901, 1.8561, 1.8467, 0, 0
17.6934, 1.8561, 1.8467, 0, 0
17.6968, 1.8561, 1.8467, 0, 0
17.7001, 1.8561, 1.8467, 0, 0
17.7034, 1.8561, 1.8467, 0, 0
17.7068, 1.8561, 1.8467, 0, 0
17.7101, 1.8561, 1.8467, 0, 0
17.7134, 1.8561, 1.8467, 0, 0
17.7168, 1.8561, 1.8467, 0, 0
17.7201, 1.8561, 1.8467, 0, 0
17.7234, 1.8561, 1.8467, 0, 0
17.7268, 1.8561, 1.8467, 0, 0
17.7301, 1.8561, 1.8467, 0, 0
17.7335, 1.8561, 1.8467, 0, 0
17.7368, 1.8561, 1.8467, 0, 0
17.7402, 1.8561, 1.8467, 0, 0
17.7435, 1.8561, 1.8467, 0, 0
17.7467, 1.8561, 1.8467, 0, 0
17.7501, 1.8561, 1.8467, 0, 0
17.7534, 1.8561, 1.8467, 0, 0
17.7568, 1.8561, 1.8467, 0, 0
17.7601, 1.8561, 1.8467, 0, 0
17.7634, 1.54751, 1.8478, -92.3644, 0.32958
17.7668, 1.54751, 1.8478, 0, 0
17.7701, 1.54751, 1.8478, 0, 0
17.7734, 1.54751, 1.8478, 0, 0
17.7768, 1.54751, 1.8478, 0, 0
17.7801, 1.54751, 1.8478, 0, 0
17.7834, 1.54751, 1.8478, 0, 0
17.7868, 1.54751, 1.8478, 0, 0
17.7901, 1.54751, 1.8478, 0, 0
17.7934, 1.54751, 1.8478, 0, 0
17.7968, 1.54751, 1.8478, 0, 0
17.8001, 1.54751, 1.8478, 0, 0
17.8034, 1.54751, 1.8478, 0, 0
17.8068, 1.54751, 1.8478, 0, 0
17.8101, 1.54751, 1.8478, 0, 0
17.8134, 1.54751, 1.8478, 0, 0
17.8168, 1.54751, 1.8478, 0, 0
17.8201, 1.54751, 1.8478, 0, 0
17.8234, 1.54751, 1.8478, 0, 0
17.8268, 1.54642, 1.53921, -0.328532, -92.246
17.8301, 1.54642, 1.53921, 0, 0
17.8334, 1.54642, 1.53921, 0, 0
17.8368, 1.54642, 1.53921, 0, 0
17.8401, 1.54642, 1.53921, 0, 0
17.8434, 1.54642, 1.53921, 0, 0
17.8468, 1.54642, 1.53921, 0, 0
17.8501, 1.23783, 1.54031, -92.3776, 0.328024
17.8534, 1.23783, 1.54031, 0, 0
17.8568, 1.23783, 1.54031, 0, 0
17.8601, 1.23674, 1.23172, -0.331046, -93.5596
17.8634, 1.23674, 1.23172, 0, 0
17.8668, 1.23674, 1.23172, 0, 0
17.8701, 1.23674, 1.23172, 0, 0
17.8734, 1.23674, 1.23172, 0, 0
17.8768, 1.23674, 1.23172, 0, 0
17.8801, 1.23674, 1.23172, 0, 0
17.8834, 1.23674, 1.23172, 0, 0
17.8868, 1.23674, 1.23172, 0, 0
17.8901, 1.23674, 1.23172, 0, 0
17.8934, 0.927109, 0.924179, -93.6318, -93.0017
17.8968, 0.927109, 0.924179, 0, 0
17.9001, 0.927109, 0.924179, 0, 0
17.9034, 0.927109, 0.924179, 0, 0
17.9068, 0.927109, 0.924179, 0, 0
17.9101, 0.927109, 0.924179, 0, 0
17.9134, 0.927109, 0.924179, 0, 0
17.9168, 0.927109, 0.924179, 0, 0
17.9201, 0.927109, 0.924179, 0, 0
17.9234, 0.927109, 0.924179, 0, 0
17.9268, 0.927109, 0.924179, 0, 0
17.9301, 0.927109, 0.924179, 0, 0
17.9335, 0.927109, 0.924179, 0, 0
17.9368, 0.927109, 0.924179, 0, 0
17.9401, 0.927109, 0.924179, 0, 0
17.9434, 0.927109, 0.924179, 0, 0
17.9468, 0.927109, 0.924179, 0, 0
17.9501, 0.927109, 0.924179, 0, 0
17.9534, 0.927109, 0.924179, 0, 0
17.9568, 0.927109, 0.924179, 0, 0
17.9601, 0.927109, 0.924179, 0, 0
17.9634, 0.927109, 0.924179, 0, 0
17.9668, 0.927109, 0.924179, 0, 0
17.9701, 0.927109, 0.924179, 0, 0
17.9734, 0.927109, 0.924179, 0, 0
17.9768, 0.927109, 0.924179, 0, 0
17.9801, 0.927109, 0.924179, 0, 0
17.9834, 0.927109, 0.924179, 0, 0
17.9868, 0.927109, 0.924179, 0, 0
17.9901, 0.927109, 0.924179, 0, 0
17.9934, 0.927109, 0.924179, 0, 0
17.9967, 0.927109, 0.924179, 0, 0
18.0001, 0.927109, 0.924179, 0, 0
18.0034, 0.927109, 0.924179, 0, 0
18.0068, 0.927109, 0.924179, 0, 0
18.0101, 0.927109, 0.924179, 0, 0
18.0134, 0.927109, 0.924179, 0, 0
18.0168, 0.928148, 1.23277, 0.312297, 92.7484
18.0201, 0.928148, 1.23277, 0, 0
18.0234, 0.928148, 1.23277, 0, 0
18.0267, 0.928148, 1.23277, 0, 0
18.0301, 0.928148, 1.23277, 0, 0
18.0334, 0.928148, 1.23277, 0, 0
18.0368, 0.928148, 1.23277, 0, 0
18.0401, 0.928148, 1.23277, 0, 0
18.0434, 0.928148, 1.23277, 0, 0
18.0468, 0.928148, 1.23277, 0, 0
18.0501, 0.928148, 1.23277, 0, 0
18.0534, 0.928148, 1.23277, 0, 0
18.0568, 0.928148, 1.23277, 0, 0
18.0601, 0.928148, 1.23277, 0, 0
18.0634, 0.928148, 1.23277, 0, 0
18.0667, 0.928148, 1.23277, 0, 0
18.0701, 0.928148, 1.23277, 0, 0
18.0734, 0.928148, 1.23277, 0, 0
18.0768, 0.928148, 1.23277, 0, 0
18.0801, 0.928148, 1.23277, 0, 0
18.0835, 0.928148, 1.23277, 0, 0
18.0868, 0.928148, 1.23277, 0, 0
18.0901, 0.928148, 1.23277, 0, 0
18.0934, 0.928148, 1.23277, 0, 0
18.0968, 0.928148, 1.23277, 0, 0
18.1001, 0.928148, 1.23277, 0, 0
18.1034, 0.928148, 1.23277, 0, 0
18.1068, 0.928148, 1.23277, 0, 0
18.1101, 0.928148, 1.23277, 0, 0
18.1134, 0.928148, 1.23277, 0, 0
18.1168, 0.928148, 1.23277, 0, 0
18.1201, 0.928148, 1.23277, 0, 0
18.1234, 0.928148, 1.23277, 0, 0
18.1268, 0.620446, 1.54215, -92.5691, 93.0752
18.1301, 0.620446, 1.54215, 0, 0
18.1334, 0.620446, 1.54215, 0, 0
18.1368, 1.23754, 1.54086, 184.587, -0.386579
18.1401, 1.23754, 1.54086, 0, 0
18.1434, 1.23754, 1.54086, 0, 0
18.1468, 1.54465, 0.614581, 91.3054, -275.382
18.1501, 1.54465, 0.614581, 0, 0
18.1534, 1.54465, 0.614581, 0, 0
18.1567, 1.54465, 0.614581, 0, 0
18.1601, 2.16175, 0.613464, 182.867, -0.331296
18.1634, 2.16175, 0.613464, 0, 0
18.1668, 2.16175, 0.613464, 0, 0
18.1701, 2.47038, 0.612744, 92.3311, -0.215175
18.1734, 2.47038, 0.612744, 0, 0
18.1768, 2.47038, 0.612744, 0, 0
18.1801, 2.46938, 0.304313, -0.299897, -92.4171
18.1834, 2.46938, 0.304313, 0, 0
18.1868, 2.46938, 0.304313, 0, 0
18.1901, 2.47276, 1.23012, 1.02177, 279.925
18.1934, 2.47276, 1.23012, 0, 0
18.1968, 2.47276, 1.23012, 0, 0
18.2001, 2.47276, 1.23012, 0, 0
18.2034, 2.47276, 1.23012, 0, 0
18.2068, 2.78135, 1.22894, 91.7879, -0.35017
18.2101, 2.78135, 1.22894, 0, 0
18.2135, 2.78253, 1.53752, 0.34831, 90.9656
18.2168, 2.78253, 1.53752, 0, 0
18.2201, 2.78253, 1.53752, 0, 0
18.2234, 2.16414, 1.23136, -187.8, -92.9777
18.2268, 2.16414, 1.23136, 0, 0
18.2301, 2.16414, 1.23136, 0, 0
18.2334, 2.16414, 1.23136, 0, 0
18.2368, 1.85424, 0.923999, -92.671, -91.9133
18.2401, 1.85424, 0.923999, 0, 0
18.2434, 1.85424, 0.923999, 0, 0
18.2468, 0.928486, 0.928094, -275.813, 1.21981
18.2501, 0.928486, 0.928094, 0, 0
18.2534, 0.928486, 0.928094, 0, 0
18.2568, 1.23707, 0.926742, 91.7487, -0.401842
18.2601, 1.23707, 0.926742, 0, 0
18.2634, 1.23707, 0.926742, 0, 0
18.2668, 1.23707, 0.926742, 0, 0
18.2701, 1.23707, 0.926732, -1.31544e-05, -0.00304977
18.2734, 1.23707, 0.926732, 0, 0
18.2768, 1.23707, 0.926732, 0, 0
18.2801, 0.6199, 0.929313, -184.94, 0.773426
18.2834, 0.6199, 0.929313, 0, 0
18.2868, 0.6199, 0.929313, 0, 0
18.2901, 0.6199, 0.929313, 0, 0
18.2934, 0.6199, 0.929313, 0, 0
18.2968, 0.6199, 0.929313, 0, 0
18.3001, 0.6199, 0.929313, 0, 0
18.3034, 0.6199, 0.929313, 0, 0
18.3068, 0.6199, 0.929313, 0, 0
18.3101, 0.6199, 0.929313, 0, 0
18.3134, 0.928485, 0.928039, 92.2392, -0.380691
18.3168, 0.928485, 0.928039, 0, 0
18.3201, 0.928485, 0.928039, 0, 0
18.3234, 0.6199, 0.929314, -91.8009, 0.37924
18.3268, 0.6199, 0.929314, 0, 0
18.3301, 0.6199, 0.929314, 0, 0
18.3334, 0.6199, 0.929314, 0, 0
18.3368, 0.6199, 0.929314, 0, 0
18.3401, 0.6199, 0.929314, 0, 0
18.3434, 0.6199, 0.929314, 0, 0
18.3468, 0.929578, 1.23669, 91.7808, 91.0975
18.3501, 0.929578, 1.23669, 0, 0
18.3534, 0.929578, 1.23669, 0, 0
18.3568, 0.929578, 1.23669, 0, 0
18.3601, 0.620114, 0.929166, -92.959, -92.3752
18.3634, 0.620114, 0.929166, 0, 0
18.3668, 0.620114, 0.929166, 0, 0
18.3701, 1.54559, 0.928045, 277.088, -0.335521
18.3734, 1.54559, 0.928045, 0, 0
18.3768, 1.54559, 0.928045, 0, 0
18.3801, 1.54568, 0.927957, 0.0269416, -0.0264954
18.3834, 1.54568, 0.927957, 0, 0
18.3868, 1.54568, 0.927957, 0, 0
18.3901, 3.08862, 0.619293, 462.683, -92.5596
18.3934, 3.08862, 0.619293, 0, 0
18.3968, 3.08862, 0.619293, 0, 0
18.4001, 3.70586, 0.310472, 184.961, -92.5403
18.4034, 3.70586, 0.310472, 0, 0
18.4068, 3.70586, 0.310472, 0, 0
18.4101, 3.70586, 0.310472, 0, 0
18.4134, 4.94024, 0.618836, 370.66, 92.5953
18.4168, 4.94024, 0.618836, 0, 0
18.4201, 4.94024, 0.618836, 0, 0
18.4234, 4.94035, 0.927385, 0.0330421, 92.4655
18.4268, 4.94035, 0.927385, 0, 0
18.4301, 4.94035, 0.927385, 0, 0
18.4334, 4.94035, 0.927385, 0, 0
18.4368, 5.86589, 0.618065, 274.889, -91.8694
18.4401, 5.86589, 0.618065, 0, 0
18.4434, 5.86589, 0.618065, 0, 0
18.4468, 5.86589, 0.618041, -5.81058e-06, -0.00724069
18.4501, 5.86589, 0.618041, 0, 0
18.4534, 5.86589, 0.618041, 0, 0
18.4568, 5.86615, 0.926602, 0.0783669, 92.4362
18.4601, 5.86615, 0.926602, 0, 0
18.4634, 5.86615, 0.926602, 0, 0
18.4668, 5.55756, 0.926905, -92.4112, 0.0906385
18.4701, 5.55756, 0.926905, 0, 0
18.4734, 5.55756, 0.926905, 0, 0
18.4768, 5.24902, 0.92732, -92.7695, 0.124942
18.4801, 5.24902, 0.92732, 0, 0
18.4834, 5.24902, 0.92732, 0, 0
18.4868, 5.24902, 0.92732, 0, 0
18.4901, 4.63184, 0.928333, -184.545, 0.302756
18.4934, 4.63184, 0.928333, 0, 0
18.4968, 4.63184, 0.928333, 0, 0
18.5001, 4.32323, 0.929024, -92.3666, 0.206768
18.5034, 4.32323, 0.929024, 0, 0
18.5068, 4.32323, 0.929024, 0, 0
18.5101, 3.70606, 0.930522, -185.457, 0.450205
18.5134, 3.70606, 0.930522, 0, 0
18.5168, 3.70606, 0.930522, 0, 0
18.5201, 3.70606, 0.930522, 0, 0
18.5234, 4.01402, 0.621199, 91.9759, -92.3806
18.5268, 4.01402, 0.621199, 0, 0
18.5301, 4.01402, 0.621199, 0, 0
18.5334, 4.0146, 0.929786, 0.173001, 92.4837
18.5368, 4.0146, 0.929786, 0, 0
18.5401, 4.0146, 0.929786, 0, 0
18.5435, 3.70712, 1.54752, -91.9669, 184.766
18.5468, 3.70712, 1.54752, 0, 0
18.5501, 3.70712, 1.54752, 0, 0
18.5534, 3.70712, 1.54752, 0, 0
18.5568, 4.01627, 1.85555, 91.9234, 91.5909
18.5601, 4.01627, 1.85555, 0, 0
18.5634, 4.01627, 1.85555, 0, 0
18.5668, 4.01627, 1.85555, 0, 0
18.5701, 4.01627, 1.85555, 0, 0
18.5734, 4.01627, 1.85555, 0, 0
18.5768, 4.32486, 1.85502, 92.2596, -0.159164
18.5801, 4.32486, 1.85502, 0, 0
18.5834, 4.32486, 1.85502, 0, 0
18.5868, 4.32486, 1.85502, 0, 0
18.5901, 4.01627, 1.85555, -92.0627, 0.15717
18.5934, 4.01627, 1.85555, 0, 0
18.5968, 4.01627, 1.85555, 0, 0
18.6001, 4.01627, 1.85555, 0, 0
18.6034, 4.01627, 1.85555, 0, 0
18.6067, 4.01627, 1.85555, 0, 0
18.6101, 4.32486, 1.85502, 91.9515, -0.156527
18.6134, 4.32486, 1.85502, 0, 0
18.6168, 4.32486, 1.85502, 0, 0
18.6201, 4.01542, 1.23824, -92.4233, -184.217
18.6234, 4.01542, 1.23824, 0, 0
18.6268, 4.01542, 1.23824, 0, 0
18.6301, 4.01542, 1.23824, 0, 0
18.6334, 4.01542, 1.23824, 0, 0
18.6368, 4.01542, 1.23824, 0, 0
18.6401, 4.01605, 1.85503, 0.188982, 185.3
18.6434, 4.01605, 1.85503, 0, 0
18.6468, 5.25037, 1.23793, 368.034, -183.997
18.6501, 5.25037, 1.23793, 0, 0
18.6534, 6.48472, 1.23824, 369.803, 0.0921407
18.6568, 6.48472, 1.23824, 0, 0
18.6601, 6.48472, 1.23824, 0, 0
18.6634, 6.48472, 1.23824, 0, 0
18.6668, 6.48452, 1.54673, -0.0602511, 92.2505
18.6701, 6.48452, 1.54673, 0, 0
18.6734, 6.48452, 1.54673, 0, 0
18.6768, 7.7189, 1.23803, 369.39, -92.379
18.6801, 7.7189, 1.23803, 0, 0
18.6834, 7.7189, 1.23803, 0, 0
18.6868, 8.02765, 1.85498, 92.2225, 184.281
18.6901, 8.02765, 1.85498, 0, 0
18.6934, 8.02765, 1.85498, 0, 0
18.6967, 8.02765, 1.85498, 0, 0
18.7001, 8.3364, 2.47208, 91.6807, 183.244
18.7034, 8.3364, 2.47208, 0, 0
18.7068, 8.3364, 2.47208, 0, 0
18.7101, 8.02781, 2.47224, -92.286, 0.0462863
18.7134, 8.02781, 2.47224, 0, 0
18.7168, 8.02781, 2.47224, 0, 0
18.7201, 7.41064, 2.47265, -183.969, 0.12208
18.7234, 7.41064, 2.47265, 0, 0
18.7268, 7.41064, 2.47265, 0, 0
18.7301, 7.41038, 2.16406, -0.076912, -92.3519
18.7334, 7.41038, 2.16406, 0, 0
18.7368, 7.41038, 2.16406, 0, 0
18.7401, 7.41038, 2.16406, 0, 0
18.7434, 6.79286, 1.85615, -186.122, -92.8044
18.7468, 6.79286, 1.85615, 0, 0
18.7501, 6.79286, 1.85615, 0, 0
18.7534, 6.48386, 1.54801, -92.3239, -92.0656
18.7568, 6.48386, 1.54801, 0, 0
18.7601, 6.48386, 1.54801, 0, 0
18.7634, 6.48434, 1.85657, 0.144938, 93.2954
18.7667, 6.48434, 1.85657, 0, 0
18.7701, 6.48434, 1.85657, 0, 0
18.7734, 5.24999, 1.85848, -372.142, 0.5754
18.7768, 5.24999, 1.85848, 0, 0
18.7801, 5.24999, 1.85848, 0, 0
18.7834, 5.24999, 1.85848, 0, 0
18.7868, 5.24999, 1.85848, 0, 0
18.7901, 5.24999, 1.85848, 0, 0
18.7934, 5.24999, 1.85848, 0, 0
18.7968, 5.24999, 1.85848, 0, 0
18.8001, 5.55815, 1.54948, 92.4667, -92.7211
18.8034, 5.55815, 1.54948, 0, 0
18.8067, 5.55815, 1.54948, 0, 0
18.8101, 6.17573, 1.85724, 184.511, 91.9485
18.8134, 6.17573, 1.85724, 0, 0
18.8168, 6.17573, 1.85724, 0, 0
18.8201, 6.48432, 1.85684, 92.2465, -0.121397
18.8234, 6.48432, 1.85684, 0, 0
18.8268, 6.48432, 1.85684, 0, 0
18.8301, 6.17573, 1.85724, -93.0155, 0.121805
18.8334, 6.17573, 1.85724, 0, 0
18.8368, 6.17573, 1.85724, 0, 0
18.8401, 6.17573, 1.85724, 0, 0
18.8434, 6.17573, 1.85724, -4.31472e-07, -0.000324505
18.8468, 6.17573, 1.85724, 0, 0
18.8501, 6.17573, 1.85724, 0, 0
18.8534, 6.17573, 1.85724, 0, 0
18.8567, 6.17573, 1.85724, 0, 0
18.8601, 6.17573, 1.85724, 0, 0
18.8634, 6.17573, 1.85724, 0, 0
18.8668, 6.17573, 1.85724, 0, 0
18.8701, 6.17573, 1.85724, 0, 0
18.8734, 6.17573, 1.85724, 0, 0
18.8768, 6.17622, 2.16583, 0.147239, 92.1414
18.8801, 6.17622, 2.16583, 0, 0
18.8834, 6.17622, 2.16583, 0, 0
18.8868, 6.17622, 2.16583, 0, 0
18.8901, 6.17622, 2.16583, 0, 0
18.8934, 6.17622, 2.16583, 0, 0
18.8968, 6.79389, 2.47363, 182.699, 91.0447
18.9001, 6.79389, 2.47363, 0, 0
18.9034, 6.79389, 2.47363, 0, 0
18.9068, 7.10253, 2.16519, 92.4083, -92.3463
18.9101, 7.10253, 2.16519, 0, 0
18.9134, 7.10253, 2.16519, 0, 0
18.9168, 7.10253, 2.16519, 0, 0
18.9201, 7.10261, 2.47354, 0.0213558, 91.8996
18.9234, 7.10261, 2.47354, 0, 0
18.9268, 7.10261, 2.47354, 0, 0
18.9302, 7.72069, 2.16697, 181.796, -90.1705
18.9334, 7.72069, 2.16697, 0, 0
18.9368, 7.72069, 2.16697, 0, 0
18.9401, 7.72069, 2.16697, 0, 0
18.9434, 9.57109, 2.48089, 553.853, 93.9605
18.9468, 9.57109, 2.48089, 0, 0
18.9501, 9.57109, 2.48089, 0, 0
18.9534, 10.4956, 2.79294, 276.346, 93.2734
18.9568, 10.4956, 2.79294, 0, 0
18.9601, 10.4956, 2.79294, 0, 0
18.9634, 12.0397, 2.49, 465.969, -91.4167
18.9667, 12.0397, 2.49, 0, 0
18.9701, 12.0397, 2.49, 0, 0
18.9734, 12.6581, 2.18375, 185.383, -91.8168
18.9767, 12.6581, 2.18375, 0, 0
18.9801, 12.6581, 2.18375, 0, 0
18.9834, 12.9647, 2.80199, 92.9116, 187.349
18.9868, 12.9647, 2.80199, 0, 0
18.9901, 12.9647, 2.80199, 0, 0
18.9934, 12.9647, 2.80199, 0, 0
18.9968, 13.5828, 2.49536, 186.337, -92.4332
19.0001, 13.5828, 2.49536, 0, 0
19.0034, 13.5828, 2.49536, 0, 0
19.0068, 13.5828, 2.49536, 0, 0
19.0101, 13.5828, 2.49536, 0, 0
19.0134, 13.5828, 2.49536, 0, 0
19.0168, 13.5838, 2.18673, 0.307722, -92.4356
19.0201, 13.5838, 2.18673, 0, 0
19.0234, 13.5838, 2.18673, 0, 0
19.0268, 13.5838, 2.18673, 0, 0
19.0301, 13.2743, 2.49429, -92.3541, 91.7606
19.0334, 13.2743, 2.49429, 0, 0
19.0368, 13.2743, 2.49429, 0, 0
19.0401, 12.6587, 1.87538, -184.443, -185.434
19.0434, 12.6587, 1.87538, 0, 0
19.0468, 12.6587, 1.87538, 0, 0
19.0501, 12.0422, 1.56556, -186.32, -93.6287
19.0534, 12.0422, 1.56556, 0, 0
19.0568, 12.0422, 1.56556, 0, 0
19.0601, 12.0422, 1.56556, 0, 0
19.0634, 11.425, 1.5645, -184.44, -0.317088
19.0668, 11.425, 1.5645, 0, 0
19.0701, 11.425, 1.5645, 0, 0
19.0734, 12.0422, 1.56571, 184.611, 0.363297
19.0768, 12.0422, 1.56571, 0, 0
19.0801, 12.0422, 1.56571, 0, 0
19.0834, 11.7329, 1.87358, -92.8936, 92.4653
19.0868, 11.7329, 1.87358, 0, 0
19.0901, 11.7329, 1.87358, 0, 0
19.0934, 11.7329, 1.87358, 0, 0
19.0968, 12.0407, 2.18289, 91.6046, 92.0373
19.1001, 12.0407, 2.18289, 0, 0
19.1034, 12.0407, 2.18289, 0, 0
19.1068, 12.04, 2.49149, -0.213174, 92.2949
19.1101, 12.04, 2.49149, 0, 0
19.1134, 12.04, 2.49149, 0, 0
19.1168, 12.3486, 2.4922, 92.8152, 0.21486
19.1201, 12.3486, 2.4922, 0, 0
19.1234, 12.3486, 2.4922, 0, 0
19.1268, 12.3486, 2.4922, 0, 0
19.1301, 12.3486, 2.4922, -7.00556e-07, 0.000305168
19.1334, 12.3486, 2.4922, 0, 0
19.1368, 12.3486, 2.4922, 0, 0
19.1401, 12.3486, 2.4922, 0, 0
19.1434, 12.3486, 2.4922, 0, 0
19.1467, 12.3486, 2.4922, 0, 0
19.1501, 12.3479, 2.80079, -0.209532, 91.7949
19.1534, 12.3479, 2.80079, 0, 0
19.1568, 12.3479, 2.80079, 0, 0
19.1601, 12.6565, 2.80145, 93.109, 0.200667
19.1634, 12.6565, 2.80145, 0, 0
19.1668, 12.6565, 2.80145, 0, 0
19.1701, 12.6565, 2.80145, 0, 0
19.1734, 12.3479, 2.80083, -92.4903, -0.186214
19.1768, 12.3479, 2.80083, 0, 0
19.1801, 12.3479, 2.80083, 0, 0
19.1834, 12.0393, 2.80013, -91.7038, -0.209574
19.1868, 12.0393, 2.80013, 0, 0
19.1901, 12.0393, 2.80013, 0, 0
19.1934, 12.0411, 2.18307, 0.520526, -183.985
19.1968, 12.0411, 2.18307, 0, 0
19.2001, 12.0411, 2.18307, 0, 0
19.2034, 12.0411, 2.18307, 0, 0
19.2068, 12.3465, 3.10976, 91.3184, 277.073
19.2101, 12.3465, 3.10976, 0, 0
19.2134, 12.3465, 3.10976, 0, 0
19.2168, 12.6591, 2.18531, 92.7491, -274.294
19.2201, 12.6591, 2.18531, 0, 0
19.2234, 12.6591, 2.18531, 0, 0
19.2268, 14.2006, 2.50109, 460.676, 94.3702
19.2301, 14.2006, 2.50109, 0, 0
19.2334, 14.2006, 2.50109, 0, 0
19.2368, 14.2006, 2.50109, 0, 0
19.2401, 14.8164, 2.81247, 184.206, 93.1474
19.2434, 14.8164, 2.81247, 0, 0
19.2467, 14.8164, 2.81247, 0, 0
19.2501, 15.4334, 2.81528, 183.634, 0.837137
19.2534, 15.4334, 2.81528, 0, 0
19.2568, 15.4334, 2.81528, 0, 0
19.2601, 16.0475, 3.43563, 183.755, 185.64
19.2634, 16.0475, 3.43563, 0, 0
19.2668, 16.0475, 3.43563, 0, 0
19.2701, 16.6663, 3.13022, 184.915, -91.2561
19.2734, 16.6663, 3.13022, 0, 0
19.2767, 16.6663, 3.13022, 0, 0
19.2801, 16.668, 2.82163, 0.50268, -92.1692
19.2834, 16.668, 2.82163, 0, 0
19.2868, 16.668, 2.82163, 0, 0
19.2901, 16.668, 2.82163, 0, 0
19.2934, 16.9749, 3.13188, 90.763, 91.7502
19.2968, 16.9749, 3.13188, 0, 0
19.3001, 16.9749, 3.13188, 0, 0
19.3034, 16.6663, 3.13009, -92.5153, -0.537663
19.3068, 16.6663, 3.13009, 0, 0
19.3101, 16.6663, 3.13009, 0, 0
19.3134, 16.6663, 3.13009, 0, 0
19.3168, 16.0492, 3.12669, -185.124, -1.01988
19.3201, 16.0492, 3.12669, 0, 0
19.3234, 16.0492, 3.12669, 0, 0
19.3268, 15.432, 3.12344, -185.291, -0.977
19.3301, 15.432, 3.12344, 0, 0
19.3334, 15.432, 3.12344, 0, 0
19.3368, 15.1234, 3.12186, -92.6299, -0.472948
19.3401, 15.1234, 3.12186, 0, 0
19.3434, 15.1234, 3.12186, 0, 0
19.3468, 15.4319, 3.12348, 92.5024, 0.486176
19.3501, 15.4319, 3.12348, 0, 0
19.3534, 15.4319, 3.12348, 0, 0
19.3568, 15.4319, 3.12348, 0, 0
19.3601, 14.5062, 3.11866, -277.785, -1.44804
19.3634, 14.5062, 3.11866, 0, 0
19.3668, 14.5062, 3.11866, 0, 0
19.3701, 14.196, 3.42561, -92.9881, 92.0072
19.3734, 14.196, 3.42561, 0, 0
19.3768, 14.196, 3.42561, 0, 0
19.3801, 14.5062, 3.11867, 92.4245, -91.4406
19.3834, 14.5062, 3.11867, 0, 0
19.3868, 14.5062, 3.11867, 0, 0
19.3901, 14.5062, 3.11867, 5.53615e-06, -0.00103709
19.3934, 14.5062, 3.11867, 0, 0
19.3968, 14.5062, 3.11867, 0, 0
19.4001, 14.5062, 3.11867, 0, 0
19.4034, 14.5062, 3.11867, 0.000915216, -0.000801075
19.4068, 14.5062, 3.11867, 0, 0
19.4101, 14.5062, 3.11867, 0, 0
19.4134, 15.1234, 3.12196, 185.695, 0.990788
19.4168, 15.1234, 3.12196, 0, 0
19.4201, 15.1234, 3.12196, 0, 0
19.4234, 15.1234, 3.12196, 0, 0
19.4268, 15.1234, 3.12196, 0, 0
19.4301, 15.1234, 3.12196, 0, 0
19.4334, 15.1234, 3.12196, 0, 0
19.4368, 15.1218, 3.43054, -0.485951, 92.595
19.4401, 15.1218, 3.43054, 0, 0
19.4434, 15.1218, 3.43054, 0, 0
19.4467, 15.1218, 3.43054, 0, 0
19.4501, 15.1218, 3.43054, 0, 0
19.4534, 15.1218, 3.43054, 0, 0
19.4568, 15.1218, 3.43054, 0, 0
19.4601, 14.8132, 3.42899, -92.4893, -0.464813
19.4634, 14.8132, 3.42899, 0, 0
19.4667, 14.8132, 3.42899, 0, 0
19.4701, 14.5046, 3.42736, -92.0877, -0.487647
19.4734, 14.5046, 3.42736, 0, 0
19.4768, 14.5046, 3.42736, 0, 0
19.4801, 15.1197, 3.73953, 183.66, 93.2051
19.4834, 15.1197, 3.73953, 0, 0
19.4868, 15.1197, 3.73953, 0, 0
19.4901, 15.7392, 3.43584, 187.35, -91.8498
19.4934, 15.7392, 3.43584, 0, 0
19.4968, 15.7392, 3.43584, 0, 0
19.5001, 15.7392, 3.43584, 0, 0
19.5034, 16.3563, 3.44071, 184.941, 1.46078
19.5068, 16.3563, 3.44071, 0, 0
19.5101, 16.3563, 3.44071, 0, 0
19.5134, 17.5906, 3.45098, 368.37, 3.06478
19.5168, 17.5906, 3.45098, 0, 0
19.5201, 17.5906, 3.45098, 0, 0
19.5234, 18.5163, 3.4586, 277.939, 2.28658
19.5268, 18.5163, 3.4586, 0, 0
19.5301, 18.5163, 3.4586, 0, 0
19.5334, 18.5163, 3.4586, 0, 0
19.5368, 19.4421, 3.46659, 276.122, 2.38264
19.5401, 19.4421, 3.46659, 0, 0
19.5434, 19.4421, 3.46659, 0, 0
19.5468, 20.0619, 3.1633, 185.199, -90.6227
19.5501, 20.0619, 3.1633, 0, 0
19.5534, 20.0619, 3.1633, 0, 0
19.5568, 20.0592, 3.47189, -0.819821, 92.6839
19.5601, 20.0592, 3.47189, 0, 0
19.5634, 20.0592, 3.47189, 0, 0
19.5668, 20.0592, 3.47191, -3.18161e-05, 0.00364363
19.5701, 20.0592, 3.47191, 0, 0
19.5734, 20.0592, 3.47191, 0, 0
19.5768, 20.0592, 3.47191, 0, 0
19.5801, 20.0592, 3.47191, 0, 0
19.5834, 20.0592, 3.47191, 0, 0
19.5868, 20.0592, 3.47191, 0, 0
19.5901, 20.0592, 3.47189, 4.14103e-05, -0.00470467
19.5934, 20.0592, 3.47189, 0, 0
19.5968, 20.0592, 3.47189, 0, 0
19.6001, 19.442, 3.46653, -184.908, -1.60587
19.6034, 19.442, 3.46653, 0, 0
19.6068, 19.442, 3.46653, 0, 0
19.6101, 19.442, 3.46653, 0, 0
19.6134, 19.1334, 3.46389, -92.2366, -0.789228
19.6168, 19.1334, 3.46389, 0, 0
19.6201, 19.1334, 3.46389, 0, 0
19.6234, 18.5136, 3.76721, -185.671, 90.8671
19.6268, 18.5136, 3.76721, 0, 0
19.6301, 18.5136, 3.76721, 0, 0
19.6334, 17.8965, 3.76197, -185.944, -1.57942
19.6368, 17.8965, 3.76197, 0, 0
19.6401, 17.8965, 3.76197, 0, 0
19.6434, 17.8965, 3.76197, 0, 0
19.6468, 18.2051, 3.76461, 91.4545, 0.780494
19.6501, 18.2051, 3.76461, 0, 0
19.6534, 18.2051, 3.76461, 0, 0
19.6568, 18.205, 3.76461, -0.00700884, -6.05613e-05
19.6601, 18.205, 3.76461, 0, 0
19.6634, 18.205, 3.76461, 0, 0
19.6668, 18.205, 3.76459, -0.00178972, -0.00329132
19.6701, 18.205, 3.76459, 0, 0
19.6734, 18.205, 3.76459, 0, 0
19.6768, 18.8195, 4.07856, 183.981, 94.009
19.6801, 18.8195, 4.07856, 0, 0
19.6834, 18.8195, 4.07856, 0, 0
19.6868, 18.8195, 4.07856, 0, 0
19.6901, 18.8195, 4.07856, -3.52413e-06, 0.000403434
19.6934, 18.8195, 4.07856, 0, 0
19.6967, 18.8195, 4.07856, 0, 0
19.7001, 19.1281, 4.08123, 91.9351, 0.795441
19.7034, 19.1281, 4.08123, 0, 0
19.7068, 19.1281, 4.08123, 0, 0
19.7101, 19.1281, 4.08123, 0, 0
19.7134, 19.1254, 4.38979, -0.787318, 91.6046
19.7168, 19.1254, 4.38979, 0, 0
19.7201, 19.1254, 4.38979, 0, 0
19.7234, 19.434, 4.3924, 91.8635, 0.777289
19.7268, 19.434, 4.3924, 0, 0
19.7301, 19.434, 4.3924, 0, 0
19.7334, 19.434, 4.3924, 0, 0
19.7368, 19.434, 4.3924, 0, 0
19.7401, 19.434, 4.3924, 0, 0
19.7434, 19.4366, 4.08383, 0.765939, -92.0989
19.7468, 19.4366, 4.08383, 0, 0
19.7501, 19.4366, 4.08383, 0, 0
19.7534, 19.4366, 4.08383, 0, 0
19.7568, 19.4366, 4.08383, 0, 0
19.7601, 19.4366, 4.08383, 0, 0
19.7634, 19.4366, 4.08383, 0, 0
19.7668, 19.128, 4.08118, -91.8764, -0.788831
19.7701, 19.128, 4.08118, 0, 0
19.7734, 19.128, 4.08118, 0, 0
19.7768, 18.8221, 3.7699, -91.3961, -93.0113
19.7801, 18.8221, 3.7699, 0, 0
19.7834, 18.8221, 3.7699, 0, 0
19.7868, 18.8221, 3.7699, 0, 0
19.7901, 19.1336, 3.46415, 93.1795, -91.4687
19.7934, 19.1336, 3.46415, 0, 0
19.7968, 19.1336, 3.46415, 0, 0
19.8001, 20.0564, 3.7818, 275.179, 94.719
19.8034, 20.0564, 3.7818, 0, 0
19.8068, 20.0564, 3.7818, 0, 0
19.8101, 20.3619, 4.09348, 91.5098, 93.377
19.8134, 20.3619, 4.09348, 0, 0
19.8167, 20.3619, 4.09348, 0, 0
19.8201, 20.9821, 3.79115, 184.496, -89.9277
19.8234, 20.9821, 3.79115, 0, 0
19.8268, 20.9821, 3.79115, 0, 0
19.8301, 20.9821, 3.79115, 0, 0
19.8334, 21.9019, 4.41717, 275.555, 187.552
19.8368, 21.9019, 4.41717, 0, 0
19.8401, 21.9019, 4.41717, 0, 0
19.8434, 22.2134, 4.11151, 93.1749, -91.4163
19.8468, 22.2134, 4.11151, 0, 0
19.8501, 22.2134, 4.11151, 0, 0
19.8534, 21.899, 4.72565, -93.1869, 181.989
19.8568, 21.899, 4.72565, 0, 0
19.8601, 21.899, 4.72565, 0, 0
19.8634, 21.899, 4.72565, 0, 0
19.8668, 22.5132, 5.04016, 183.108, 93.764
19.8701, 22.5132, 5.04016, 0, 0
19.8734, 22.5132, 5.04016, 0, 0
19.8768, 22.5102, 5.34874, -0.871763, 92.2424
19.8801, 22.5102, 5.34874, 0, 0
19.8834, 22.5102, 5.34874, 0, 0
19.8868, 22.8188, 5.3516, 91.8433, 0.853149
19.8901, 22.8188, 5.3516, 0, 0
19.8934, 22.8188, 5.3516, 0, 0
19.8968, 22.8188, 5.3516, 0, 0
19.9001, 22.2017, 5.34586, -184.59, -1.71801
19.9034, 22.2017, 5.34586, 0, 0
19.9068, 22.2017, 5.34586, 0, 0
19.9101, 22.2045, 5.03725, 0.854823, -92.6025
19.9135, 22.2045, 5.03725, 0, 0
19.9168, 22.2045, 5.03725, 0, 0
19.9201, 21.5846, 5.34026, -185.602, 90.714
19.9234, 21.5846, 5.34026, 0, 0
19.9268, 21.5846, 5.34026, 0, 0
19.9301, 21.5846, 5.34026, 0, 0
19.9334, 20.9729, 4.7176, -182.313, -185.588
19.9368, 20.9729, 4.7176, 0, 0
19.9401, 20.9729, 4.7176, 0, 0
19.9434, 20.9757, 4.40902, 0.834496, -93.1426
19.9467, 20.9757, 4.40902, 0, 0
19.95, 20.9757, 4.40902, 0, 0
19.9534, 20.9757, 4.40907, -0.000148611, 0.0161014
19.9568, 20.9757, 4.40907, 0, 0
19.9601, 20.9757, 4.40907, 0, 0
19.9634, 20.9727, 4.71765, -0.870845, 92.203
19.9668, 20.9727, 4.71765, 0, 0
19.9701, 20.9727, 4.71765, 0, 0
19.9734, 20.9727, 4.71765, 0, 0
19.9768, 20.6642, 4.71468, -92.4003, -0.887247
19.9801, 20.6642, 4.71468, 0, 0
19.9834, 20.6642, 4.71468, 0, 0
19.9868, 20.6642, 4.71468, 0, 0
19.9901, 20.9698, 5.02622, 91.2917, 93.061
19.9934, 20.9698, 5.02622, 0, 0
19.9968, 20.9698, 5.02622, 0, 0
20.0001, 21.2784, 5.02917, 92.0062, 0.881372
20.0034, 21.2784, 5.02917, 0, 0
20.0067, 21.2784, 5.02917, 0, 0
20.0101, 21.5869, 5.03214, 92.2357, 0.885723
20.0134, 21.5869, 5.03214, 0, 0
20.0167, 21.5869, 5.03214, 0, 0
20.0201, 21.5869, 5.03214, 0, 0
20.0234, 21.5869, 5.03214, 0, 0
20.0268, 21.5869, 5.03214, 0, 0
20.0301, 21.5869, 5.03214, 0, 0
20.0334, 21.5899, 4.72356, 0.872542, -91.8692
20.0368, 21.5899, 4.72356, 0, 0
20.0401, 21.5899, 4.72356, 0, 0
20.0435, 21.587, 5.03214, -0.86271, 91.8106
20.0468, 21.587, 5.03214, 0, 0
20.0501, 21.587, 5.03214, 0, 0
20.0534, 21.587, 5.03214, 0, 0
20.0568, 21.587, 5.03214, 0, 0
20.0601, 21.587, 5.03214, 0, 0
20.0634, 21.587, 5.03214, 0, 0
20.0668, 21.587, 5.03214, 0, 0
20.0702, 21.587, 5.03214, 0, 0
20.0734, 21.587, 5.03214, 0, 0
20.0768, 21.587, 5.03214, 0, 0
20.0801, 21.587, 5.03214, 0, 0
20.0834, 21.587, 5.03214, 0, 0
20.0868, 21.587, 5.03214, 0, 0
20.0901, 21.587, 5.03214, 0, 0
20.0934, 21.587, 5.03214, 0, 0
20.0968, 21.587, 5.03214, 0, 0
20.1001, 21.587, 5.03214, 0, 0
20.1034, 21.587, 5.03214, 0, 0
20.1068, 21.2784, 5.02921, -92.2687, -0.874809
20.1101, 21.2784, 5.02921, 0, 0
20.1134, 21.2784, 5.02921, 0, 0
20.1167, 21.2784, 5.02921, 0, 0
20.1201, 20.9698, 5.02629, -91.2152, -0.864077
20.1234, 20.9698, 5.02629, 0, 0
20.1268, 20.9698, 5.02629, 0, 0
20.1301, 20.9698, 5.02629, 0, 0
20.1334, 20.9698, 5.02629, 0, 0
20.1368, 20.9698, 5.02629, 0, 0
20.1401, 20.9698, 5.02629, 0, 0
20.1434, 20.9698, 5.02629, 0, 0
20.1468, 20.9698, 5.02629, 0, 0
20.1501, 20.9698, 5.02629, 0, 0
20.1534, 20.9698, 5.02629, 0, 0
20.1568, 20.9698, 5.02629, 0, 0
20.1601, 20.9698, 5.02629, 0, 0
20.1634, 20.9698, 5.02629, 0, 0
20.1668, 20.9698, 5.02629, 0, 0
20.1701, 20.9698, 5.02629, 0, 0
20.1734, 20.9727, 4.71771, 0.86472, -91.8562
20.1768, 20.9727, 4.71771, 0, 0
20.1801, 20.9727, 4.71771, 0, 0
20.1834, 20.9727, 4.71771, 0, 0
20.1868, 20.9727, 4.71771, 0, 0
20.1901, 20.9727, 4.71771, 0, 0
20.1934, 20.9727, 4.71771, 0, 0
20.1968, 20.9727, 4.71771, 0, 0
20.2001, 20.9727, 4.71771, 0, 0
20.2035, 20.9727, 4.71771, 0, 0
20.2068, 20.9727, 4.71771, 0, 0
20.2101, 20.9727, 4.71771, 0, 0
20.2135, 20.9727, 4.71771, 0, 0
20.2167, 20.9727, 4.71771, 0, 0
20.2201, 20.9727, 4.71771, 0, 0
20.2234, 20.9727, 4.71771, 0, 0
20.2268, 20.9727, 4.71771, 0, 0
20.2301, 20.9727, 4.71771, 0, 0
20.2334, 20.9727, 4.71771, 0, 0
20.2368, 20.9727, 4.71771, 0, 0
20.2401, 20.9727, 4.71771, 0, 0
20.2434, 20.9727, 4.71771, 0, 0
20.2468, 20.9727, 4.71771, 0, 0
20.2501, 20.9727, 4.71771, 0, 0
20.2534, 20.9698, 5.02629, -0.859559, 91.5185
20.2567, 20.9698, 5.02629, 0, 0
20.2601, 20.9698, 5.02629, 0, 0
20.2635, 20.9698, 5.02629, 0, 0
20.2668, 20.9698, 5.02629, 0, 0
20.2701, 20.9698, 5.02629, 0, 0
20.2734, 20.9698, 5.02629, 0, 0
20.2768, 20.9698, 5.02629, 0, 0
20.2801, 20.9698, 5.02629, 0, 0
20.2834, 20.9698, 5.02629, 0, 0
20.2868, 20.9698, 5.02629, 0, 0
20.2901, 20.9698, 5.02629, 0, 0
20.2934, 20.9698, 5.02629, 0, 0
20.2968, 20.9698, 5.02629, 0, 0
20.3002, 20.9698, 5.02629, 0, 0
20.3034, 20.9698, 5.02629, 0, 0
20.3068, 20.9698, 5.02629, 0, 0
20.3101, 20.9698, 5.02629, 0, 0
20.3134, 20.9698, 5.02629, 0, 0
20.3168, 20.9698, 5.02629, 0, 0
20.3201, 20.9698, 5.02629, 0, 0
20.3234, 20.9698, 5.02629, 0, 0
20.3268, 20.9698, 5.02629, 0, 0
20.3301, 20.9698, 5.02629, 0, 0
20.3334, 20.9698, 5.02629, 0, 0
20.3368, 20.9698, 5.02629, 0, 0
20.3401, 20.9698, 5.02629, 0, 0
20.3434, 20.9698, 5.02629, 0, 0
20.3468, 20.9698, 5.02629, 0, 0
20.3501, 20.9698, 5.02629, 0, 0
20.3534, 20.9698, 5.02629, 0, 0
20.3568, 20.9698, 5.02629, 0, 0
20.3601, 20.9698, 5.02629, 0, 0
20.3634, 20.9698, 5.02629, 0, 0
20.3668, 20.9698, 5.02629, 0, 0
20.3701, 20.9698, 5.02629, 0, 0
20.3735, 20.9698, 5.02629, 0, 0
20.3768, 20.9698, 5.02629, 0, 0
20.3801, 20.9698, 5.02629, 0, 0
20.3834, 20.9698, 5.02629, 0, 0
20.3868, 20.9698, 5.02629, 0, 0
20.3901, 20.9698, 5.02629, 0, 0
20.3934, 20.9698, 5.02629, 0, 0
20.3968, 20.9698, 5.02629, 0, 0
20.4001, 20.9698, 5.02629, 0, 0
20.4034, 20.9698, 5.02629, 0, 0
20.4068, 20.9698, 5.02629, 0, 0
20.4101, 20.9698, 5.02629, 0, 0
20.4134, 20.9698, 5.02629, 0, 0
20.4168, 20.9698, 5.02629, 0, 0
20.4201, 20.9698, 5.02629, 0, 0
20.4234, 20.9698, 5.02629, 0, 0
20.4268, 20.9698, 5.02629, 0, 0
20.4301, 20.9698, 5.02629, 0, 0
20.4334, 20.9698, 5.02629, 0, 0
20.4368, 20.9698, 5.02629, 0, 0
20.4401, 20.9698, 5.02629, 0, 0
20.4434, 20.9698, 5.02629, 0, 0
20.4468, 20.9698, 5.02629, 0, 0
20.4501, 20.9698, 5.02629, 0, 0
20.4534, 20.9698, 5.02629, 0, 0
20.4568, 20.9698, 5.02629, 0, 0
20.4601, 20.9698, 5.02629, 0, 0
20.4634, 20.9698, 5.02629, 0, 0
20.4667, 20.9698, 5.02629, 0, 0
20.4701, 20.9698, 5.02629, 0, 0
20.4734, 20.9698, 5.02629, 0, 0
20.4768, 20.9698, 5.02629, 0, 0
20.4801, 20.9698, 5.02629, 0, 0
20.4834, 20.9698, 5.02629, 0, 0
20.4868, 20.9698, 5.02629, 0, 0
20.4901, 20.9698, 5.02629, 0, 0
20.4934, 20.9698, 5.02629, 0, 0
20.4968, 20.9698, 5.02629, 0, 0
20.5001, 20.9698, 5.02629, 0, 0
20.5034, 20.9698, 5.02629, 0, 0
20.5068, 20.9698, 5.02629, 0, 0
20.5101, 20.9698, 5.02629, 0, 0
20.5134, 20.9698, 5.02629, 0, 0
20.5168, 20.9698, 5.02629, 0, 0
20.5201, 20.9698, 5.02629, 0, 0
20.5234, 20.9698, 5.02629, 0, 0
20.5268, 20.6612, 5.02338, -92.4005, -0.872076
20.5301, 20.6612, 5.02338, 0, 0
20.5334, 20.6612, 5.02338, 0, 0
20.5368, 20.6612, 5.02338, 0, 0
20.5401, 20.6612, 5.02338, 0, 0
20.5434, 20.6612, 5.02338, 0, 0
20.5468, 20.6612, 5.02338, 0, 0
20.5501, 20.6612, 5.02338, 0, 0
20.5535, 20.6612, 5.02338, 0, 0
20.5568, 20.6612, 5.02338, 0, 0
20.5601, 20.6612, 5.02338, 0, 0
20.5634, 20.6612, 5.02338, 0, 0
20.5668, 20.6612, 5.02338, 0, 0
20.5701, 20.6612, 5.02338, 0, 0
20.5734, 20.6612, 5.02338, 0, 0
20.5768, 20.6612, 5.02338, 0, 0
20.5801, 20.6612, 5.02338, 0, 0
20.5834, 20.6612, 5.02338, 0, 0
20.5868, 20.6612, 5.02338, 0, 0
20.5901, 20.6612, 5.02338, 0, 0
20.5934, 20.6612, 5.02338, 0, 0
20.5968, 20.6612, 5.02338, 0, 0
20.6001, 20.6612, 5.02338, 0, 0
20.6034, 20.6612, 5.02338, 0, 0
20.6068, 20.6612, 5.02338, 0, 0
20.6101, 20.6612, 5.02338, 0, 0
20.6134, 20.6612, 5.02338, 0, 0
20.6168, 20.6612, 5.02338, 0, 0
20.6201, 20.6612, 5.02338, 0, 0
20.6234, 20.6612, 5.02338, 0, 0
20.6268, 20.6612, 5.02338, 0, 0
20.6301, 20.6612, 5.02338, 0, 0
20.6334, 20.6612, 5.02338, 0, 0
20.6368, 20.6612, 5.02338, 0, 0
20.6401, 20.6612, 5.02338, 0, 0
20.6434, 20.6612, 5.02338, 0, 0
20.6468, 20.6612, 5.02338, 0, 0
20.6501, 20.6612, 5.02338, 0, 0
20.6534, 20.6612, 5.02338, 0, 0
20.6568, 20.6612, 5.02338, 0, 0
20.6601, 20.6612, 5.02338, 0, 0
20.6634, 20.6612, 5.02338, 0, 0
20.6668, 20.6612, 5.02338, 0, 0
20.6701, 20.6612, 5.02338, 0, 0
20.6734, 20.6612, 5.02338, 0, 0
20.6768, 20.6612, 5.02338, 0, 0
20.6801, 20.6612, 5.02338, 0, 0
20.6834, 20.6612, 5.02338, 0, 0
20.6868, 20.6612, 5.02338, 0, 0
20.6901, 20.6612, 5.02338, 0, 0
20.6934, 20.6612, 5.02338, 0, 0
20.6968, 20.6612, 5.02338, 0, 0
20.7001, 20.6612, 5.02338, 0, 0
20.7034, 20.6612, 5.02338, 0, 0
20.7068, 20.6612, 5.02338, 0, 0
20.7101, 20.6612, 5.02338, 0, 0
20.7134, 20.6612, 5.02338, 0, 0
20.7167, 20.6612, 5.02338, 0, 0
20.7201, 20.6612, 5.02338, 0, 0
20.7234, 20.6612, 5.02338, 0, 0
20.7268, 20.6612, 5.02338, 0, 0
20.7301, 20.6612, 5.02338, 0, 0
20.7334, 20.6612, 5.02338, 0, 0
20.7367, 20.6612, 5.02338, 0, 0
20.7401, 20.6612, 5.02338, 0, 0
20.7434, 20.6612, 5.02338, 0, 0
20.7468, 20.6612, 5.02338, 0, 0
20.7501, 20.6612, 5.02338, 0, 0
20.7534, 20.6612, 5.02338, 0, 0
20.7568, 20.6612, 5.02338, 0, 0
20.7601, 20.6612, 5.02338, 0, 0
20.7634, 20.6612, 5.02338, 0, 0
20.7668, 20.6612, 5.02338, 0, 0
20.7701, 20.6612, 5.02338, 0, 0
20.7734, 20.6612, 5.02338, 0, 0
20.7768, 20.6612, 5.02338, 0, 0
20.7801, 20.6612, 5.02338, 0, 0
20.7834, 20.6612, 5.02338, 0, 0
20.7868, 20.6612, 5.02338, 0, 0
20.7901, 20.6612, 5.02338, 0, 0
20.7934, 20.6612, 5.02338, 0, 0
20.7968, 20.6612, 5.02338, 0, 0
20.8001, 20.6612, 5.02338, 0, 0
20.8034, 20.6612, 5.02338, 0, 0
20.8068, 20.6612, 5.02338, 0, 0
20.8101, 20.6612, 5.02338, 0, 0
20.8134, 20.6612, 5.02338, 0, 0
20.8167, 20.6612, 5.02338, 0, 0
20.8201, 20.6612, 5.02338, 0, 0
20.8234, 20.6612, 5.02338, 0, 0
20.8268, 20.6612, 5.02338, 0, 0
20.8301, 20.6612, 5.02338, 0, 0
20.8335, 20.6612, 5.02338, 0, 0
20.8368, 20.6612, 5.02338, 0, 0
20.8401, 20.6612, 5.02338, 0, 0
20.8434, 20.6612, 5.02338, 0, 0
20.8468, 20.6612, 5.02338, 0, 0
20.8501, 20.6612, 5.02338, 0, 0
20.8534, 20.6612, 5.02338, 0, 0
20.8568, 20.6612, 5.02338, 0, 0
20.8601, 20.6612, 5.02338, 0, 0
20.8634, 20.6612, 5.02338, 0, 0
20.8668, 20.6612, 5.02338, 0, 0
20.8701, 20.6612, 5.02338, 0, 0
20.8734, 20.6612, 5.02338, 0, 0
20.8768, 20.6612, 5.02338, 0, 0
20.8801, 20.6612, 5.02338, 0, 0
20.8834, 20.6612, 5.02338, 0, 0
20.8868, 20.6612, 5.02338, 0, 0
20.8901, 20.6612, 5.02338, 0, 0
20.8935, 20.6612, 5.02338, 0, 0
20.8968, 20.6612, 5.02338, 0, 0
20.9001, 20.6612, 5.02338, 0, 0
20.9034, 20.6612, 5.02338, 0, 0
20.9068, 20.6612, 5.02338, 0, 0
20.9101, 20.6612, 5.02338, 0, 0
20.9134, 20.6612, 5.02338, 0, 0
20.9167, 20.6612, 5.02338, 0, 0
20.9201, 20.6612, 5.02338, 0, 0
20.9234, 20.6612, 5.02338, 0, 0
20.9268, 20.6612, 5.02338, 0, 0
20.9301, 20.6612, 5.02338, 0, 0
20.9334, 20.6612, 5.02338, 0, 0
20.9368, 20.6612, 5.02338, 0, 0
20.9401, 20.6612, 5.02338, 0, 0
20.9434, 20.6612, 5.02338, 0, 0
20.9468, 20.6612, 5.02338, 0, 0
20.9501, 20.6612, 5.02338, 0, 0
20.9534, 20.6612, 5.02338, 0, 0
20.9567, 20.6612, 5.02338, 0, 0
20.9601, 20.6612, 5.02338, 0, 0
20.9634, 20.6612, 5.02338, 0, 0
20.9667, 20.6612, 5.02338, 0, 0
20.9701, 20.6612, 5.02338, 0, 0
20.9734, 20.6612, 5.02338, 0, 0
20.9768, 20.6612, 5.02338, 0, 0
20.9801, 20.6612, 5.02338, 0, 0
20.9834, 20.6612, 5.02338, 0, 0
20.9868, 20.6612, 5.02338, 0, 0
20.9901, 20.6612, 5.02338, 0, 0
20.9934, 20.6612, 5.02338, 0, 0
20.9968, 20.6612, 5.02338, 0, 0
21.0001, 20.6612, 5.02338, 0, 0
21.0034, 20.6612, 5.02338, 0, 0
21.0068, 20.6612, 5.02338, 0, 0
21.0101, 20.6612, 5.02338, 0, 0
21.0135, 20.6612, 5.02338, 0, 0
21.0167, 20.6612, 5.02338, 0, 0
21.0201, 20.6612, 5.02338, 0, 0
21.0234, 20.6612, 5.02338, 0, 0
21.0267, 20.6612, 5.02338, 0, 0
21.0301, 20.6612, 5.02338, 0, 0
21.0334, 20.6612, 5.02338, 0, 0
21.0367, 20.6612, 5.02338, 0, 0
21.0401, 20.6612, 5.02338, 0, 0
21.0434, 20.6612, 5.02338, 0, 0
21.0468, 20.6612, 5.02338, 0, 0
21.0501, 20.6612, 5.02338, 0, 0
21.0534, 20.6612, 5.02338, 0, 0
21.0568, 20.6612, 5.02338, 0, 0
21.0601, 20.6612, 5.02338, 0, 0
21.0634, 20.6612, 5.02338, 0, 0
21.0668, 20.6612, 5.02338, 0, 0
21.0701, 20.6612, 5.02338, 0, 0
21.0734, 20.6612, 5.02338, 0, 0
21.0767, 20.6612, 5.02338, 0, 0
21.0801, 20.6612, 5.02338, 0, 0
21.0834, 20.6612, 5.02338, 0, 0
21.0867, 20.6612, 5.02338, 0, 0
21.0901, 20.6612, 5.02338, 0, 0
21.0934, 20.6612, 5.02338, 0, 0
21.0968, 20.6612, 5.02338, 0, 0
21.1001, 20.6612, 5.02338, 0, 0
21.1034, 20.6612, 5.02338, 0, 0
21.1067, 20.6612, 5.02338, 0, 0
21.1101, 20.6612, 5.02338, 0, 0
21.1135, 20.6612, 5.02338, 0, 0
21.1167, 20.6612, 5.02338, 0, 0
21.1201, 20.6612, 5.02338, 0, 0
21.1235, 20.6612, 5.02338, 0, 0
21.1268, 20.6612, 5.02338, 0, 0
21.1301, 20.6612, 5.02338, 0, 0
21.1334, 20.6612, 5.02338, 0, 0
21.1368, 20.6612, 5.02338, 0, 0
21.1401, 20.6612, 5.02338, 0, 0
21.1435, 20.6612, 5.02338, 0, 0
21.1468, 20.6612, 5.02338, 0, 0
21.1501, 20.6612, 5.02338, 0, 0
21.1534, 20.6612, 5.02338, 0, 0
21.1568, 20.6612, 5.02338, 0, 0
21.1601, 20.6612, 5.02338, 0, 0
21.1635, 20.6612, 5.02338, 0, 0
21.1668, 20.6612, 5.02338, 0, 0
21.1701, 20.6612, 5.02338, 0, 0
21.1734, 20.6612, 5.02338, 0, 0
21.1768, 20.6612, 5.02338, 0, 0
21.1801, 20.6612, 5.02338, 0, 0
21.1834, 20.6612, 5.02338, 0, 0
21.1868, 20.6612, 5.02338, 0, 0
21.1901, 20.6612, 5.02338, 0, 0
21.1935, 20.6612, 5.02338, 0, 0
21.1968, 20.6612, 5.02338, 0, 0
21.2002, 20.6612, 5.02338, 0, 0
21.2034, 20.6612, 5.02338, 0, 0
21.2068, 20.6612, 5.02338, 0, 0
21.2101, 20.6612, 5.02338, 0, 0
21.2135, 20.6612, 5.02338, 0, 0
21.2167, 20.6612, 5.02338, 0, 0
21.2201, 20.6612, 5.02338, 0, 0
21.2235, 20.6612, 5.02338, 0, 0
21.2268, 20.6612, 5.02338, 0, 0
21.2301, 20.6612, 5.02338, 0, 0
21.2334, 20.6612, 5.02338, 0, 0
21.2368, 20.6612, 5.02338, 0, 0
21.2401, 20.6612, 5.02338, 0, 0
21.2434, 20.6612, 5.02338, 0, 0
21.2468, 20.6612, 5.02338, 0, 0
21.2501, 20.6612, 5.02338, 0, 0
21.2534, 20.6612, 5.02338, 0, 0
21.2568, 20.6612, 5.02338, 0, 0
21.2601, 20.6612, 5.02338, 0, 0
21.2634, 20.6612, 5.02338, 0, 0
21.2668, 20.6612, 5.02338, 0, 0
21.2701, 20.6612, 5.02338, 0, 0
21.2735, 20.6612, 5.02338, 0, 0
21.2768, 20.6612, 5.02338, 0, 0
21.2801, 20.6612, 5.02338, 0, 0
21.2834, 20.6612, 5.02338, 0, 0
21.2868, 20.6612, 5.02338, 0, 0
21.2901, 20.6612, 5.02338, 0, 0
21.2934, 20.6612, 5.02338, 0, 0
21.2968, 20.6612, 5.02338, 0, 0
21.3001, 20.6612, 5.02338, 0, 0
21.3034, 20.6612, 5.02338, 0, 0
21.3068, 20.6612, 5.02338, 0, 0
21.3101, 20.6612, 5.02338, 0, 0
21.3134, 20.6612, 5.02338, 0, 0
21.3167, 20.6612, 5.02338, 0, 0
21.3201, 20.6612, 5.02338, 0, 0
21.3235, 20.6612, 5.02338, 0, 0
21.3268, 20.6612, 5.02338, 0, 0
21.3301, 20.6612, 5.02338, 0, 0
21.3335, 20.6612, 5.02338, 0, 0
21.3368, 20.6612, 5.02338, 0, 0
21.3401, 20.6612, 5.02338, 0, 0
21.3435, 20.6612, 5.02338, 0, 0
21.3468, 20.6612, 5.02338, 0, 0
21.3501, 20.6612, 5.02338, 0, 0
21.3534, 20.6612, 5.02338, 0, 0
21.3568, 20.6612, 5.02338, 0, 0
21.3601, 20.6612, 5.02338, 0, 0
21.3634, 20.6612, 5.02338, 0, 0
21.3668, 20.6612, 5.02338, 0, 0
21.3701, 20.6612, 5.02338, 0, 0
21.3734, 20.6612, 5.02338, 0, 0
21.3768, 20.6612, 5.02338, 0, 0
21.3801, 20.6612, 5.02338, 0, 0
21.3834, 20.6612, 5.02338, 0, 0
21.3868, 20.6612, 5.02338, 0, 0
21.3901, 20.6612, 5.02338, 0, 0
21.3934, 20.6612, 5.02338, 0, 0
21.3968, 20.6612, 5.02338, 0, 0
21.4001, 20.6612, 5.02338, 0, 0
21.4034, 20.6612, 5.02338, 0, 0
21.4068, 20.6612, 5.02338, 0, 0
21.4101, 20.6612, 5.02338, 0, 0
21.4135, 20.6612, 5.02338, 0, 0
21.4168, 20.6612, 5.02338, 0, 0
21.4201, 20.6612, 5.02338, 0, 0
21.4235, 20.6612, 5.02338, 0, 0
21.4268, 20.6612, 5.02338, 0, 0
21.4301, 20.6612, 5.02338, 0, 0
21.4335, 20.6612, 5.02338, 0, 0
21.4368, 20.6612, 5.02338, 0, 0
21.4401, 20.6612, 5.02338, 0, 0
21.4435, 20.6612, 5.02338, 0, 0
21.4468, 20.6612, 5.02338, 0, 0
21.4501, 20.6612, 5.02338, 0, 0
21.4535, 20.6612, 5.02338, 0, 0
21.4568, 20.6612, 5.02338, 0, 0
21.4601, 20.6612, 5.02338, 0, 0
21.4635, 20.6612, 5.02338, 0, 0
21.4668, 20.6612, 5.02338, 0, 0
21.4701, 20.6612, 5.02338, 0, 0
21.4734, 20.6612, 5.02338, 0, 0
21.4768, 20.6612, 5.02338, 0, 0
21.4801, 20.6612, 5.02338, 0, 0
21.4835, 20.6612, 5.02338, 0, 0
21.4868, 20.6612, 5.02338, 0, 0
21.4901, 20.6612, 5.02338, 0, 0
21.4935, 20.6612, 5.02338, 0, 0
21.4968, 20.6612, 5.02338, 0, 0
21.5001, 20.6612, 5.02338, 0, 0
21.5035, 20.6612, 5.02338, 0, 0
21.5068, 20.6612, 5.02338, 0, 0
21.5101, 20.6612, 5.02338, 0, 0
21.5135, 20.6612, 5.02338, 0, 0
21.5168, 20.6612, 5.02338, 0, 0
21.5202, 20.6612, 5.02338, 0, 0
21.5235, 20.6612, 5.02338, 0, 0
21.5268, 20.6612, 5.02338, 0, 0
21.5302, 20.6612, 5.02338, 0, 0
21.5335, 20.6612, 5.02338, 0, 0
21.5368, 20.6612, 5.02338, 0, 0
21.5401, 20.6612, 5.02338, 0, 0
21.5434, 20.6612, 5.02338, 0, 0
21.5468, 20.6612, 5.02338, 0, 0
21.5501, 20.6612, 5.02338, 0, 0
21.5535, 20.6612, 5.02338, 0, 0
21.5568, 20.6612, 5.02338, 0, 0
21.5601, 20.6612, 5.02338, 0, 0
21.5634, 20.6612, 5.02338, 0, 0
21.5668, 20.6612, 5.02338, 0, 0
21.5701, 20.6612, 5.02338, 0, 0
21.5734, 20.6612, 5.02338, 0, 0
21.5768, 20.6612, 5.02338, 0, 0
21.5801, 20.6612, 5.02338, 0, 0
21.5835, 20.6612, 5.02338, 0, 0
21.5868, 20.6612, 5.02338, 0, 0
21.5902, 20.6612, 5.02338, 0, 0
21.5935, 20.6612, 5.02338, 0, 0
21.5968, 20.6612, 5.02338, 0, 0
21.6002, 20.6612, 5.02338, 0, 0
21.6035, 20.6612, 5.02338, 0, 0
21.6068, 20.6612, 5.02338, 0, 0
21.6101, 20.6612, 5.02338, 0, 0
21.6135, 20.6612, 5.02338, 0, 0
21.6168, 20.6612, 5.02338, 0, 0
21.6202, 20.6612, 5.02338, 0, 0
21.6234, 20.6612, 5.02338, 0, 0
21.6268, 20.6612, 5.02338, 0, 0
21.6302, 20.6612, 5.02338, 0, 0
21.6335, 20.6612, 5.02338, 0, 0
21.6368, 20.6612, 5.02338, 0, 0
21.6401, 20.6612, 5.02338, 0, 0
21.6435, 20.6612, 5.02338, 0, 0
21.6467, 20.6612, 5.02338, 0, 0
21.6501, 20.6612, 5.02338, 0, 0
21.6534, 20.6612, 5.02338, 0, 0
21.6568, 20.6612, 5.02338, 0, 0
21.6601, 20.6612, 5.02338, 0, 0
21.6634, 20.6612, 5.02338, 0, 0
21.6668, 20.6612, 5.02338, 0, 0
21.6701, 20.6612, 5.02338, 0, 0
21.6735, 20.6612, 5.02338, 0, 0
21.6768, 20.6612, 5.02338, 0, 0
21.6801, 20.6612, 5.02338, 0, 0
21.6834, 20.6612, 5.02338, 0, 0
21.6868, 20.6612, 5.02338, 0, 0
21.6901, 20.6612, 5.02338, 0, 0
21.6934, 20.6612, 5.02338, 0, 0
21.6968, 20.6612, 5.02338, 0, 0
21.7001, 20.6612, 5.02338, 0, 0
21.7034, 20.6612, 5.02338, 0, 0
21.7067, 20.6612, 5.02338, 0, 0
21.7101, 20.6612, 5.02338, 0, 0
21.7135, 20.6612, 5.02338, 0, 0
21.7168, 20.6612, 5.02338, 0, 0
21.7201, 20.6612, 5.02338, 0, 0
21.7234, 20.6612, 5.02338, 0, 0
21.7268, 20.6612, 5.02338, 0, 0
21.7301, 20.6612, 5.02338, 0, 0
21.7334, 20.6612, 5.02338, 0, 0
21.7368, 20.6612, 5.02338, 0, 0
21.7401, 20.6612, 5.02338, 0, 0
21.7434, 20.6612, 5.02338, 0, 0
21.7468, 20.6612, 5.02338, 0, 0
21.7501, 20.6612, 5.02338, 0, 0
21.7534, 20.6612, 5.02338, 0, 0
21.7568, 20.6612, 5.02338, 0, 0
21.7601, 20.6612, 5.02338, 0, 0
21.7634, 20.6612, 5.02338, 0, 0
21.7668, 20.6612, 5.02338, 0, 0
21.7701, 20.6612, 5.02338, 0, 0
21.7735, 20.6612, 5.02338, 0, 0
21.7768, 20.6612, 5.02338, 0, 0
21.7801, 20.6612, 5.02338, 0, 0
21.7835, 20.6612, 5.02338, 0, 0
21.7868, 20.6612, 5.02338, 0, 0
21.7901, 20.6612, 5.02338, 0, 0
21.7934, 20.6612, 5.02338, 0, 0
21.7968, 20.6612, 5.02338, 0, 0
21.8001, 20.6612, 5.02338, 0, 0
21.8035, 20.6612, 5.02338, 0, 0
21.8068, 20.6612, 5.02338, 0, 0
21.8101, 20.6612, 5.02338, 0, 0
21.8135, 20.6612, 5.02338, 0, 0
21.8168, 20.6612, 5.02338, 0, 0
21.8201, 20.6612, 5.02338, 0, 0
21.8234, 20.6612, 5.02338, 0, 0
21.8268, 20.6612, 5.02338, 0, 0
21.8301, 20.6612, 5.02338, 0, 0
21.8334, 20.6612, 5.02338, 0, 0
21.8368, 20.6612, 5.02338, 0, 0
21.8402, 20.6612, 5.02338, 0, 0
21.8435, 20.6612, 5.02338, 0, 0
21.8468, 20.6612, 5.02338, 0, 0
21.8502, 20.6612, 5.02338, 0, 0
21.8535, 20.6612, 5.02338, 0, 0
21.8568, 20.6612, 5.02338, 0, 0
21.8601, 20.6612, 5.02338, 0, 0
21.8635, 20.6612, 5.02338, 0, 0
21.8668, 20.6612, 5.02338, 0, 0
21.8701, 20.6612, 5.02338, 0, 0
21.8734, 20.6612, 5.02338, 0, 0
21.8768, 20.6612, 5.02338, 0, 0
21.8801, 20.6612, 5.02338, 0, 0
21.8835, 20.6612, 5.02338, 0, 0
21.8868, 20.6612, 5.02338, 0, 0
21.8901, 20.6612, 5.02338, 0, 0
21.8934, 20.6612, 5.02338, 0, 0
21.8968, 20.6612, 5.02338, 0, 0
21.9001, 20.6612, 5.02338, 0, 0
21.9034, 20.6612, 5.02338, 0, 0
21.9068, 20.6612, 5.02338, 0, 0
21.9102, 20.6612, 5.02338, 0, 0
21.9135, 20.6612, 5.02338, 0, 0
21.9168, 20.6612, 5.02338, 0, 0
21.9201, 20.6612, 5.02338, 0, 0
21.9235, 20.6612, 5.02338, 0, 0
21.9268, 20.6612, 5.02338, 0, 0
21.9301, 20.6612, 5.02338, 0, 0
21.9335, 20.6612, 5.02338, 0, 0
21.9368, 20.6612, 5.02338, 0, 0
21.9401, 20.6612, 5.02338, 0, 0
21.9434, 20.6612, 5.02338, 0, 0
21.9468, 20.6612, 5.02338, 0, 0
21.9501, 20.6612, 5.02338, 0, 0
21.9534, 20.6612, 5.02338, 0, 0
21.9568, 20.6612, 5.02338, 0, 0
21.9601, 20.6612, 5.02338, 0, 0
21.9634, 20.6612, 5.02338, 0, 0
21.9668, 20.6612, 5.02338, 0, 0
21.9701, 20.6612, 5.02338, 0, 0
21.9735, 20.6612, 5.02338, 0, 0
21.9768, 20.6612, 5.02338, 0, 0
21.9801, 20.6612, 5.02338, 0, 0
21.9834, 20.6612, 5.02338, 0, 0
21.9868, 20.6612, 5.02338, 0, 0
21.9901, 20.6612, 5.02338, 0, 0
21.9935, 20.6612, 5.02338, 0, 0
21.9967, 20.6612, 5.02338, 0, 0
22.0001, 20.6612, 5.02338, 0, 0
22.0034, 20.6612, 5.02338, 0, 0
22.0067, 20.6612, 5.02338, 0, 0
22.0102, 20.6612, 5.02338, 0, 0
22.0135, 20.6612, 5.02338, 0, 0
22.0168, 20.6612, 5.02338, 0, 0
22.0201, 20.6612, 5.02338, 0, 0
22.0235, 20.6612, 5.02338, 0, 0
22.0268, 20.6612, 5.02338, 0, 0
22.0301, 20.6612, 5.02338, 0, 0
22.0334, 20.6612, 5.02338, 0, 0
22.0367, 20.6612, 5.02338, 0, 0
22.0401, 20.6612, 5.02338, 0, 0
22.0435, 20.6612, 5.02338, 0, 0
22.0468, 20.6612, 5.02338, 0, 0
22.0501, 20.6612, 5.02338, 0, 0
22.0535, 20.6612, 5.02338, 0, 0
22.0568, 20.6612, 5.02338, 0, 0
22.0602, 20.6612, 5.02338, 0, 0
22.0634, 20.6612, 5.02338, 0, 0
22.0668, 20.6612, 5.02338, 0, 0
22.0701, 20.6612, 5.02338, 0, 0
22.0735, 20.6612, 5.02338, 0, 0
22.0768, 20.6612, 5.02338, 0, 0
22.0801, 20.6612, 5.02338, 0, 0
22.0835, 20.6612, 5.02338, 0, 0
22.0868, 20.6612, 5.02338, 0, 0
22.0901, 20.6612, 5.02338, 0, 0
22.0935, 20.6612, 5.02338, 0, 0
22.0968, 20.6612, 5.02338, 0, 0
22.1001, 20.6612, 5.02338, 0, 0
22.1035, 20.6612, 5.02338, 0, 0
22.1068, 20.6612, 5.02338, 0, 0
22.1101, 20.6612, 5.02338, 0, 0
22.1135, 20.6612, 5.02338, 0, 0
22.1168, 20.6612, 5.02338, 0, 0
22.1201, 20.6612, 5.02338, 0, 0
22.1235, 20.6612, 5.02338, 0, 0
22.1268, 20.6612, 5.02338, 0, 0
22.1301, 20.6612, 5.02338, 0, 0
22.1335, 20.6612, 5.02338, 0, 0
22.1368, 20.6612, 5.02338, 0, 0
22.1401, 20.6612, 5.02338, 0, 0
22.1435, 20.6612, 5.02338, 0, 0
22.1468, 20.6612, 5.02338, 0, 0
22.1501, 20.6612, 5.02338, 0, 0
22.1534, 20.6612, 5.02338, 0, 0
22.1568, 20.6612, 5.02338, 0, 0
22.1602, 20.6612, 5.02338, 0, 0
22.1635, 20.6612, 5.02338, 0, 0
22.1668, 20.6612, 5.02338, 0, 0
22.1701, 20.6612, 5.02338, 0, 0
22.1734, 20.6612, 5.02338, 0, 0
22.1768, 20.6612, 5.02338, 0, 0
22.1802, 20.6612, 5.02338, 0, 0
22.1835, 20.6612, 5.02338, 0, 0
22.1868, 20.6612, 5.02338, 0, 0
22.1901, 20.6612, 5.02338, 0, 0
22.1935, 20.6612, 5.02338, 0, 0
22.1968, 20.6612, 5.02338, 0, 0
22.2001, 20.6612, 5.02338, 0, 0
22.2035, 20.6612, 5.02338, 0, 0
22.2067, 20.6612, 5.02338, 0, 0
22.2101, 20.6612, 5.02338, 0, 0
22.2134, 20.6612, 5.02338, 0, 0
22.2168, 20.6612, 5.02338, 0, 0
22.2201, 20.6612, 5.02338, 0, 0
22.2234, 20.6612, 5.02338, 0, 0
22.2268, 20.6612, 5.02338, 0, 0
22.2302, 20.6612, 5.02338, 0, 0
22.2335, 20.6612, 5.02338, 0, 0
22.2368, 20.6612, 5.02338, 0, 0
22.2401, 20.6612, 5.02338, 0, 0
22.2434, 20.6612, 5.02338, 0, 0
22.2468, 20.6612, 5.02338, 0, 0
22.2501, 20.6612, 5.02338, 0, 0
22.2534, 20.6612, 5.02338, 0, 0
22.2568, 20.6612, 5.02338, 0, 0
22.2602, 20.6612, 5.02338, 0, 0
22.2634, 20.6612, 5.02338, 0, 0
22.2668, 20.6612, 5.02338, 0, 0
22.2702, 20.6612, 5.02338, 0, 0
22.2734, 20.6612, 5.02338, 0, 0
22.2768, 20.6612, 5.02338, 0, 0
22.2802, 20.6612, 5.02338, 0, 0
22.2835, 20.6612, 5.02338, 0, 0
22.2868, 20.6612, 5.02338, 0, 0
22.2902, 20.6612, 5.02338, 0, 0
22.2935, 20.6612, 5.02338, 0, 0
22.2968, 20.6612, 5.02338, 0, 0
22.3001, 20.6612, 5.02338, 0, 0
22.3035, 20.6612, 5.02338, 0, 0
22.3067, 20.6612, 5.02338, 0, 0
22.3101, 20.6612, 5.02338, 0, 0
22.3135, 20.6612, 5.02338, 0, 0
22.3168, 20.6612, 5.02338, 0, 0
22.3201, 20.6612, 5.02338, 0, 0
22.3235, 20.6612, 5.02338, 0, 0
22.3268, 20.6612, 5.02338, 0, 0
22.3301, 20.6612, 5.02338, 0, 0
22.3335, 20.6612, 5.02338, 0, 0
22.3368, 20.6612, 5.02338, 0, 0
22.3401, 20.6612, 5.02338, 0, 0
22.3434, 20.6612, 5.02338, 0, 0
22.3468, 20.6612, 5.02338, 0, 0
22.3501, 20.6612, 5.02338, 0, 0
22.3535, 20.6612, 5.02338, 0, 0
22.3568, 20.6612, 5.02338, 0, 0
22.3601, 20.6612, 5.02338, 0, 0
22.3635, 20.6612, 5.02338, 0, 0
22.3668, 20.6612, 5.02338, 0, 0
22.3702, 20.6612, 5.02338, 0, 0
22.3734, 20.6612, 5.02338, 0, 0
22.3768, 20.6612, 5.02338, 0, 0
22.3802, 20.6612, 5.02338, 0, 0
22.3835, 20.6612, 5.02338, 0, 0
22.3868, 20.6612, 5.02338, 0, 0
22.3901, 20.6612, 5.02338, 0, 0
22.3935, 20.6612, 5.02338, 0, 0
22.3968, 20.6612, 5.02338, 0, 0
22.4001, 20.6612, 5.02338, 0, 0
22.4035, 20.6612, 5.02338, 0, 0
22.4068, 20.6612, 5.02338, 0, 0
22.4101, 20.6612, 5.02338, 0, 0
22.4135, 20.6612, 5.02338, 0, 0
22.4168, 20.6612, 5.02338, 0, 0
22.4201, 20.6612, 5.02338, 0, 0
22.4235, 20.6612, 5.02338, 0, 0
22.4268, 20.6612, 5.02338, 0, 0
22.4301, 20.6612, 5.02338, 0, 0
22.4335, 20.6612, 5.02338, 0, 0
22.4368, 20.6612, 5.02338, 0, 0
22.4401, 20.6612, 5.02338, 0, 0
22.4434, 20.6612, 5.02338, 0, 0
22.4468, 20.6612, 5.02338, 0, 0
22.4501, 20.6612, 5.02338, 0, 0
22.4535, 20.6612, 5.02338, 0, 0
22.4568, 20.6612, 5.02338, 0, 0
22.4601, 20.6612, 5.02338, 0, 0
22.4634, 20.6612, 5.02338, 0, 0
22.4668, 20.6612, 5.02338, 0, 0
22.4701, 20.6612, 5.02338, 0, 0
22.4734, 20.6612, 5.02338, 0, 0
22.4768, 20.6612, 5.02338, 0, 0
22.4802, 20.6612, 5.02338, 0, 0
22.4835, 20.6612, 5.02338, 0, 0
22.4868, 20.6612, 5.02338, 0, 0
22.4901, 20.6612, 5.02338, 0, 0
22.4935, 20.6612, 5.02338, 0, 0
22.4968, 20.6612, 5.02338, 0, 0
22.5001, 20.6612, 5.02338, 0, 0
22.5035, 20.6612, 5.02338, 0, 0
22.5068, 20.6612, 5.02338, 0, 0
22.5101, 20.6612, 5.02338, 0, 0
22.5135, 20.6612, 5.02338, 0, 0
22.5168, 20.6612, 5.02338, 0, 0
22.5201, 20.6612, 5.02338, 0, 0
22.5235, 20.6612, 5.02338, 0, 0
22.5268, 20.6612, 5.02338, 0, 0
22.5301, 20.6612, 5.02338, 0, 0
22.5335, 20.6612, 5.02338, 0, 0
22.5368, 20.6612, 5.02338, 0, 0
22.5401, 20.6612, 5.02338, 0, 0
22.5435, 20.6612, 5.02338, 0, 0
22.5468, 20.6612, 5.02338, 0, 0
22.5501, 20.6612, 5.02338, 0, 0
22.5534, 20.6612, 5.02338, 0, 0
22.5568, 20.6612, 5.02338, 0, 0
22.5601, 20.6612, 5.02338, 0, 0
22.5634, 20.6612, 5.02338, 0, 0
22.5668, 20.6612, 5.02338, 0, 0
22.5701, 20.6612, 5.02338, 0, 0
22.5734, 20.6612, 5.02338, 0, 0
22.5768, 20.6612, 5.02338, 0, 0
22.5802, 20.6612, 5.02338, 0, 0
22.5835, 20.6612, 5.02338, 0, 0
22.5868, 20.6612, 5.02338, 0, 0
22.5901, 20.6612, 5.02338, 0, 0
22.5935, 20.6612, 5.02338, 0, 0
22.5968, 20.6612, 5.02338, 0, 0
22.6002, 20.6612, 5.02338, 0, 0
22.6035, 20.6612, 5.02338, 0, 0
22.6068, 20.6612, 5.02338, 0, 0
22.6101, 20.6612, 5.02338, 0, 0
22.6134, 20.6612, 5.02338, 0, 0
22.6168, 20.6612, 5.02338, 0, 0
22.6201, 20.6612, 5.02338, 0, 0
22.6235, 20.6612, 5.02338, 0, 0
22.6268, 20.6612, 5.02338, 0, 0
22.6301, 20.6612, 5.02338, 0, 0
22.6335, 20.6612, 5.02338, 0, 0
22.6368, 20.6612, 5.02338, 0, 0
22.6402, 20.6612, 5.02338, 0, 0
22.6435, 20.6612, 5.02338, 0, 0
22.6467, 20.6612, 5.02338, 0, 0
22.6501, 20.6612, 5.02338, 0, 0
22.6534, 20.6612, 5.02338, 0, 0
22.6568, 20.6612, 5.02338, 0, 0
22.6601, 20.6612, 5.02338, 0, 0
22.6634, 20.6612, 5.02338, 0, 0
22.6668, 20.6612, 5.02338, 0, 0
22.6701, 20.6612, 5.02338, 0, 0
22.6735, 20.6612, 5.02338, 0, 0
22.6768, 20.6612, 5.02338, 0, 0
22.6802, 20.6612, 5.02338, 0, 0
22.6835, 20.6612, 5.02338, 0, 0
22.6868, 20.6612, 5.02338, 0, 0
22.6902, 20.6612, 5.02338, 0, 0
22.6935, 20.6612, 5.02338, 0, 0
22.6968, 20.6612, 5.02338, 0, 0
22.7001, 20.6612, 5.02338, 0, 0
22.7035, 20.6612, 5.02338, 0, 0
22.7067, 20.6612, 5.02338, 0, 0
22.7101, 20.6612, 5.02338, 0, 0
22.7135, 20.6612, 5.02338, 0, 0
22.7168, 20.6612, 5.02338, 0, 0
22.7201, 20.6612, 5.02338, 0, 0
22.7235, 20.6612, 5.02338, 0, 0
22.7268, 20.6612, 5.02338, 0, 0
22.7301, 20.6612, 5.02338, 0, 0
22.7335, 20.6612, 5.02338, 0, 0
22.7368, 20.6612, 5.02338, 0, 0
22.7401, 20.6612, 5.02338, 0, 0
22.7434, 20.6612, 5.02338, 0, 0
22.7468, 20.6612, 5.02338, 0, 0
22.7501, 20.6612, 5.02338, 0, 0
22.7535, 20.6612, 5.02338, 0, 0
22.7568, 20.6612, 5.02338, 0, 0
22.7601, 20.6612, 5.02338, 0, 0
22.7635, 20.6612, 5.02338, 0, 0
22.7668, 20.6612, 5.02338, 0, 0
22.7701, 20.6612, 5.02338, 0, 0
22.7735, 20.6612, 5.02338, 0, 0
22.7768, 20.6612, 5.02338, 0, 0
22.7801, 20.6612, 5.02338, 0, 0
22.7835, 20.6612, 5.02338, 0, 0
22.7868, 20.6612, 5.02338, 0, 0
22.7902, 20.6612, 5.02338, 0, 0
22.7935, 20.6612, 5.02338, 0, 0
22.7968, 20.6612, 5.02338, 0, 0
22.8002, 20.6612, 5.02338, 0, 0
22.8035, 20.6612, 5.02338, 0, 0
22.8067, 20.6612, 5.02338, 0, 0
22.8102, 20.6612, 5.02338, 0, 0
22.8135, 20.6612, 5.02338, 0, 0
22.8168, 20.6612, 5.02338, 0, 0
22.8201, 20.6612, 5.02338, 0, 0
22.8235, 20.6612, 5.02338, 0, 0
22.8268, 20.6612, 5.02338, 0, 0
22.8302, 20.6612, 5.02338, 0, 0
22.8334, 20.6612, 5.02338, 0, 0
22.8368, 20.6612, 5.02338, 0, 0
22.8401, 20.6612, 5.02338, 0, 0
22.8434, 20.6612, 5.02338, 0, 0
22.8468, 20.6612, 5.02338, 0, 0
22.8501, 20.6612, 5.02338, 0, 0
22.8535, 20.6612, 5.02338, 0, 0
22.8568, 20.6612, 5.02338, 0, 0
22.8601, 20.6612, 5.02338, 0, 0
22.8635, 20.6612, 5.02338, 0, 0
22.8668, 20.6612, 5.02338, 0, 0
22.8701, 20.6612, 5.02338, 0, 0
22.8735, 20.6612, 5.02338, 0, 0
22.8768, 20.6612, 5.02338, 0, 0
22.8801, 20.6612, 5.02338, 0, 0
22.8835, 20.6612, 5.02338, 0, 0
22.8868, 20.6612, 5.02338, 0, 0
22.8901, 20.6612, 5.02338, 0, 0
22.8935, 20.6612, 5.02338, 0, 0
22.8967, 20.6612, 5.02338, 0, 0
22.9001, 20.6612, 5.02338, 0, 0
22.9034, 20.6612, 5.02338, 0, 0
22.9067, 20.6612, 5.02338, 0, 0
22.9101, 20.6612, 5.02338, 0, 0
22.9134, 20.6612, 5.02338, 0, 0
22.9168, 20.6612, 5.02338, 0, 0
22.9202, 20.6612, 5.02338, 0, 0
22.9235, 20.6612, 5.02338, 0, 0
22.9268, 20.6612, 5.02338, 0, 0
22.9301, 20.6612, 5.02338, 0, 0
22.9334, 20.6612, 5.02338, 0, 0
22.9368, 20.6612, 5.02338, 0, 0
22.9401, 20.6612, 5.02338, 0, 0
22.9435, 20.6612, 5.02338, 0, 0
22.9468, 20.6612, 5.02338, 0, 0
22.9501, 20.6612, 5.02338, 0, 0
22.9534, 20.6612, 5.02338, 0, 0
22.9567, 20.6612, 5.02338, 0, 0
22.9601, 20.6612, 5.02338, 0, 0
22.9634, 20.6612, 5.02338, 0, 0
22.9668, 20.6612, 5.02338, 0, 0
22.9701, 20.6612, 5.02338, 0, 0
22.9735, 20.6612, 5.02338, 0, 0
22.9768, 20.6612, 5.02338, 0, 0
22.9801, 20.6612, 5.02338, 0, 0
22.9835, 20.6612, 5.02338, 0, 0
22.9868, 20.6612, 5.02338, 0, 0
22.9901, 20.6612, 5.02338, 0, 0
22.9935, 20.6612, 5.02338, 0, 0
22.9968, 20.6612, 5.02338, 0, 0
23.0001, 20.6612, 5.02338, 0, 0
23.0035, 20.6612, 5.02338, 0, 0
23.0067, 20.6612, 5.02338, 0, 0
23.0102, 20.6612, 5.02338, 0, 0
23.0135, 20.6612, 5.02338, 0, 0
23.0168, 20.6612, 5.02338, 0, 0
23.0201, 20.6612, 5.02338, 0, 0
23.0235, 20.6612, 5.02338, 0, 0
23.0268, 20.6612, 5.02338, 0, 0
23.0302, 20.6612, 5.02338, 0, 0
23.0335, 20.6612, 5.02338, 0, 0
23.0368, 20.6612, 5.02338, 0, 0
23.0401, 20.6612, 5.02338, 0, 0
23.0435, 20.6612, 5.02338, 0, 0
23.0468, 20.6612, 5.02338, 0, 0
23.0501, 20.6612, 5.02338, 0, 0
23.0535, 20.6612, 5.02338, 0, 0
23.0568, 20.6612, 5.02338, 0, 0
23.0601, 20.6612, 5.02338, 0, 0
23.0634, 20.6612, 5.02338, 0, 0
23.0668, 20.6612, 5.02338, 0, 0
23.0701, 20.6612, 5.02338, 0, 0
23.0735, 20.6612, 5.02338, 0, 0
23.0768, 20.6612, 5.02338, 0, 0
23.0801, 20.6612, 5.02338, 0, 0
23.0834, 20.6612, 5.02338, 0, 0
23.0868, 20.6612, 5.02338, 0, 0
23.0901, 20.6612, 5.02338, 0, 0
23.0935, 20.6612, 5.02338, 0, 0
23.0968, 20.6612, 5.02338, 0, 0
23.1001, 20.6612, 5.02338, 0, 0
23.1035, 20.6612, 5.02338, 0, 0
23.1068, 20.6612, 5.02338, 0, 0
23.1101, 20.6612, 5.02338, 0, 0
23.1134, 20.6612, 5.02338, 0, 0
23.1168, 20.6612, 5.02338, 0, 0
23.1202, 20.6612, 5.02338, 0, 0
23.1235, 20.6612, 5.02338, 0, 0
23.1268, 20.6612, 5.02338, 0, 0
23.1302, 20.6612, 5.02338, 0, 0
23.1335, 20.6612, 5.02338, 0, 0
23.1368, 20.6612, 5.02338, 0, 0
23.1401, 20.6612, 5.02338, 0, 0
23.1435, 20.6612, 5.02338, 0, 0
23.1468, 20.6612, 5.02338, 0, 0
23.1501, 20.6612, 5.02338, 0, 0
23.1535, 20.6612, 5.02338, 0, 0
23.1568, 20.6612, 5.02338, 0, 0
23.1601, 20.6612, 5.02338, 0, 0
23.1635, 20.6612, 5.02338, 0, 0
23.1668, 20.6612, 5.02338, 0, 0
23.1701, 20.6612, 5.02338, 0, 0
23.1735, 20.6612, 5.02338, 0, 0
23.1768, 20.6612, 5.02338, 0, 0
23.1801, 20.6612, 5.02338, 0, 0
23.1834, 20.6612, 5.02338, 0, 0
23.1868, 20.6612, 5.02338, 0, 0
23.1901, 20.6612, 5.02338, 0, 0
23.1935, 20.6612, 5.02338, 0, 0
23.1968, 20.6612, 5.02338, 0, 0
23.2001, 20.6612, 5.02338, 0, 0
23.2035, 20.6612, 5.02338, 0, 0
23.2068, 20.6612, 5.02338, 0, 0
23.2101, 20.6612, 5.02338, 0, 0
23.2135, 20.6612, 5.02338, 0, 0
23.2168, 20.6612, 5.02338, 0, 0
23.2202, 20.6612, 5.02338, 0, 0
23.2235, 20.6612, 5.02338, 0, 0
23.2268, 20.6612, 5.02338, 0, 0
23.2302, 20.6612, 5.02338, 0, 0
23.2335, 20.6612, 5.02338, 0, 0
23.2368, 20.6612, 5.02338, 0, 0
23.2401, 20.6612, 5.02338, 0, 0
23.2435, 20.6612, 5.02338, 0, 0
23.2468, 20.6612, 5.02338, 0, 0
23.2502, 20.6612, 5.02338, 0, 0
23.2535, 20.6612, 5.02338, 0, 0
23.2568, 20.6612, 5.02338, 0, 0
23.2601, 20.6612, 5.02338, 0, 0
23.2635, 20.6612, 5.02338, 0, 0
23.2668, 20.6612, 5.02338, 0, 0
23.2701, 20.6612, 5.02338, 0, 0
23.2735, 20.6612, 5.02338, 0, 0
23.2768, 20.6612, 5.02338, 0, 0
23.2801, 20.6612, 5.02338, 0, 0
23.2835, 20.6612, 5.02338, 0, 0
23.2868, 20.6612, 5.02338, 0, 0
23.2901, 20.6612, 5.02338, 0, 0
23.2935, 20.6612, 5.02338, 0, 0
23.2968, 20.6612, 5.02338, 0, 0
23.3001, 20.6612, 5.02338, 0, 0
23.3034, 20.6612, 5.02338, 0, 0
23.3068, 20.6612, 5.02338, 0, 0
23.3101, 20.6612, 5.02338, 0, 0
23.3134, 20.6612, 5.02338, 0, 0
23.3168, 20.6612, 5.02338, 0, 0
23.3201, 20.6612, 5.02338, 0, 0
23.3235, 20.6612, 5.02338, 0, 0
23.3268, 20.6612, 5.02338, 0, 0
23.3302, 20.6612, 5.02338, 0, 0
23.3335, 20.6612, 5.02338, 0, 0
23.3368, 20.6612, 5.02338, 0, 0
23.3401, 20.6612, 5.02338, 0, 0
23.3435, 20.6612, 5.02338, 0, 0
23.3468, 20.6612, 5.02338, 0, 0
23.3502, 20.6612, 5.02338, 0, 0
23.3535, 20.6612, 5.02338, 0, 0
23.3568, 20.6612, 5.02338, 0, 0
23.3601, 20.6612, 5.02338, 0, 0
23.3634, 20.6612, 5.02338, 0, 0
23.3668, 20.6612, 5.02338, 0, 0
23.3701, 20.6612, 5.02338, 0, 0
23.3735, 20.6612, 5.02338, 0, 0
23.3768, 20.6612, 5.02338, 0, 0
23.3801, 20.6612, 5.02338, 0, 0
23.3835, 20.6612, 5.02338, 0, 0
23.3868, 20.6612, 5.02338, 0, 0
23.3901, 20.6612, 5.02338, 0, 0
23.3934, 20.6612, 5.02338, 0, 0
23.3968, 20.6612, 5.02338, 0, 0
23.4001, 20.6612, 5.02338, 0, 0
23.4034, 20.6612, 5.02338, 0, 0
23.4068, 20.6612, 5.02338, 0, 0
23.4101, 20.6612, 5.02338, 0, 0
23.4135, 20.6612, 5.02338, 0, 0
23.4168, 20.6612, 5.02338, 0, 0
23.4202, 20.6612, 5.02338, 0, 0
23.4235, 20.6612, 5.02338, 0, 0
23.4268, 20.6612, 5.02338, 0, 0
23.4302, 20.6612, 5.02338, 0, 0
23.4335, 20.6612, 5.02338, 0, 0
23.4368, 20.6612, 5.02338, 0, 0
23.4402, 20.6612, 5.02338, 0, 0
23.4434, 20.6612, 5.02338, 0, 0
23.4468, 20.6612, 5.02338, 0, 0
23.4501, 20.6612, 5.02338, 0, 0
23.4535, 20.6612, 5.02338, 0, 0
23.4568, 20.6612, 5.02338, 0, 0
23.4602, 20.6612, 5.02338, 0, 0
23.4634, 20.6612, 5.02338, 0, 0
23.4668, 20.6612, 5.02338, 0, 0
23.4701, 20.6612, 5.02338, 0, 0
23.4735, 20.6612, 5.02338, 0, 0
23.4768, 20.6612, 5.02338, 0, 0
23.4801, 20.6612, 5.02338, 0, 0
23.4834, 20.6612, 5.02338, 0, 0
23.4867, 20.6612, 5.02338, 0, 0
23.4901, 20.6612, 5.02338, 0, 0
23.4935, 20.6612, 5.02338, 0, 0
23.4968, 20.6612, 5.02338, 0, 0
23.5001, 20.6612, 5.02338, 0, 0
23.5035, 20.6612, 5.02338, 0, 0
23.5068, 20.6612, 5.02338, 0, 0
23.5101, 20.6612, 5.02338, 0, 0
23.5135, 20.6612, 5.02338, 0, 0
23.5168, 20.6612, 5.02338, 0, 0
23.5201, 20.6612, 5.02338, 0, 0
23.5234, 20.6612, 5.02338, 0, 0
23.5268, 20.6612, 5.02338, 0, 0
23.5301, 20.6612, 5.02338, 0, 0
23.5335, 20.6612, 5.02338, 0, 0
23.5368, 20.6612, 5.02338, 0, 0
23.5401, 20.6612, 5.02338, 0, 0
23.5435, 20.6612, 5.02338, 0, 0
23.5468, 20.6612, 5.02338, 0, 0
23.5501, 20.6612, 5.02338, 0, 0
23.5534, 20.6612, 5.02338, 0, 0
23.5568, 20.6612, 5.02338, 0, 0
23.5602, 20.6612, 5.02338, 0, 0
23.5634, 20.6612, 5.02338, 0, 0
23.5668, 20.6612, 5.02338, 0, 0
23.5701, 20.6612, 5.02338, 0, 0
23.5735, 20.6612, 5.02338, 0, 0
23.5768, 20.6612, 5.02338, 0, 0
23.5801, 20.6612, 5.02338, 0, 0
23.5835, 20.6612, 5.02338, 0, 0
23.5868, 20.6612, 5.02338, 0, 0
23.5901, 20.6612, 5.02338, 0, 0
23.5935, 20.6612, 5.02338, 0, 0
23.5968, 20.6612, 5.02338, 0, 0
23.6001, 20.6612, 5.02338, 0, 0
23.6035, 20.6612, 5.02338, 0, 0
23.6068, 20.6612, 5.02338, 0, 0
23.6101, 20.6612, 5.02338, 0, 0
23.6134, 20.6612, 5.02338, 0, 0
23.6168, 20.6612, 5.02338, 0, 0
23.6201, 20.6612, 5.02338, 0, 0
23.6235, 20.6612, 5.02338, 0, 0
23.6268, 20.6612, 5.02338, 0, 0
23.6301, 20.6612, 5.02338, 0, 0
23.6335, 20.6612, 5.02338, 0, 0
23.6368, 20.6612, 5.02338, 0, 0
23.6401, 20.6612, 5.02338, 0, 0
23.6434, 20.6612, 5.02338, 0, 0
23.6468, 20.6612, 5.02338, 0, 0
23.6502, 20.6612, 5.02338, 0, 0
23.6535, 20.6612, 5.02338, 0, 0
23.6568, 20.6612, 5.02338, 0, 0
23.6602, 20.6612, 5.02338, 0, 0
23.6635, 20.6612, 5.02338, 0, 0
23.6668, 20.6612, 5.02338, 0, 0
23.6701, 20.6612, 5.02338, 0, 0
23.6734, 20.6612, 5.02338, 0, 0
23.6768, 20.6612, 5.02338, 0, 0
23.6801, 20.6612, 5.02338, 0, 0
23.6835, 20.6612, 5.02338, 0, 0
23.6868, 20.6612, 5.02338, 0, 0
23.6901, 20.6612, 5.02338, 0, 0
23.6935, 20.6612, 5.02338, 0, 0
23.6968, 20.6612, 5.02338, 0, 0
23.7001, 20.6612, 5.02338, 0, 0
23.7035, 20.6612, 5.02338, 0, 0
23.7068, 20.6612, 5.02338, 0, 0
23.7101, 20.6612, 5.02338, 0, 0
23.7134, 20.6612, 5.02338, 0, 0
23.7168, 20.6612, 5.02338, 0, 0
23.7201, 20.6612, 5.02338, 0, 0
23.7234, 20.6612, 5.02338, 0, 0
23.7268, 20.6612, 5.02338, 0, 0
23.7301, 20.6612, 5.02338, 0, 0
23.7334, 20.6612, 5.02338, 0, 0
23.7368, 20.6612, 5.02338, 0, 0
23.7401, 20.6612, 5.02338, 0, 0
23.7434, 20.6612, 5.02338, 0, 0
23.7468, 20.6612, 5.02338, 0, 0
23.7501, 20.6612, 5.02338, 0, 0
23.7534, 20.6612, 5.02338, 0, 0
23.7568, 20.6612, 5.02338, 0, 0
23.7601, 20.6612, 5.02338, 0, 0
23.7634, 20.6612, 5.02338, 0, 0
23.7667, 20.6612, 5.02338, 0, 0
23.7702, 20.6612, 5.02338, 0, 0
23.7735, 20.6612, 5.02338, 0, 0
23.7768, 20.6612, 5.02338, 0, 0
23.7801, 20.6612, 5.02338, 0, 0
23.7835, 20.6612, 5.02338, 0, 0
23.7868, 20.6612, 5.02338, 0, 0
23.7901, 20.6612, 5.02338, 0, 0
23.7935, 20.6612, 5.02338, 0, 0
23.7968, 20.6612, 5.02338, 0, 0
23.8001, 20.6612, 5.02338, 0, 0
23.8035, 20.6612, 5.02338, 0, 0
23.8068, 20.6612, 5.02338, 0, 0
23.8101, 20.6612, 5.02338, 0, 0
23.8135, 20.6612, 5.02338, 0, 0
23.8168, 20.6612, 5.02338, 0, 0
23.8201, 20.6612, 5.02338, 0, 0
23.8235, 20.6612, 5.02338, 0, 0
23.8268, 20.6612, 5.02338, 0, 0
23.8301, 20.6612, 5.02338, 0, 0
23.8335, 20.6612, 5.02338, 0, 0
23.8368, 20.6612, 5.02338, 0, 0
23.8401, 20.6612, 5.02338, 0, 0
23.8435, 20.6612, 5.02338, 0, 0
23.8468, 20.6612, 5.02338, 0, 0
23.8501, 20.6612, 5.02338, 0, 0
23.8535, 20.6612, 5.02338, 0, 0
23.8568, 20.6612, 5.02338, 0, 0
23.8601, 20.6612, 5.02338, 0, 0
23.8635, 20.6612, 5.02338, 0, 0
23.8668, 20.6612, 5.02338, 0, 0
23.8702, 20.6612, 5.02338, 0, 0
23.8735, 20.6612, 5.02338, 0, 0
23.8768, 20.6612, 5.02338, 0, 0
23.8802, 20.6612, 5.02338, 0, 0
23.8835, 20.6612, 5.02338, 0, 0
23.8868, 20.6612, 5.02338, 0, 0
23.8902, 20.6612, 5.02338, 0, 0
23.8935, 20.6612, 5.02338, 0, 0
23.8968, 20.6612, 5.02338, 0, 0
23.9002, 20.6612, 5.02338, 0, 0
23.9035, 20.6612, 5.02338, 0, 0
23.9068, 20.6612, 5.02338, 0, 0
23.9101, 20.6612, 5.02338, 0, 0
23.9135, 20.6612, 5.02338, 0, 0
23.9168, 20.6612, 5.02338, 0, 0
23.9201, 20.6612, 5.02338, 0, 0
23.9234, 20.6612, 5.02338, 0, 0
23.9268, 20.6612, 5.02338, 0, 0
23.9301, 20.6612, 5.02338, 0, 0
23.9335, 20.6612, 5.02338, 0, 0
23.9368, 20.6612, 5.02338, 0, 0
23.9401, 20.6612, 5.02338, 0, 0
23.9435, 20.6612, 5.02338, 0, 0
23.9468, 20.6612, 5.02338, 0, 0
23.9501, 20.6612, 5.02338, 0, 0
23.9534, 20.6612, 5.02338, 0, 0
23.9568, 20.6612, 5.02338, 0, 0
23.9601, 20.6612, 5.02338, 0, 0
23.9634, 20.6612, 5.02338, 0, 0
23.9668, 20.6612, 5.02338, 0, 0
23.9701, 20.6612, 5.02338, 0, 0
23.9734, 20.6612, 5.02338, 0, 0
23.9768, 20.6612, 5.02338, 0, 0
23.9801, 20.6612, 5.02338, 0, 0
23.9834, 20.6612, 5.02338, 0, 0
23.9868, 20.6612, 5.02338, 0, 0
23.9901, 20.6612, 5.02338, 0, 0
23.9934, 20.6612, 5.02338, 0, 0
23.9968, 20.6612, 5.02338, 0, 0
24.0001, 20.6612, 5.02338, 0, 0
24.0035, 20.6612, 5.02338, 0, 0
24.0068, 20.6612, 5.02338, 0, 0
24.0101, 20.6612, 5.02338, 0, 0
24.0135, 20.6612, 5.02338, 0, 0
24.0168, 20.6612, 5.02338, 0, 0
24.0201, 20.6612, 5.02338, 0, 0
24.0234, 20.6612, 5.02338, 0, 0
24.0268, 20.6612, 5.02338, 0, 0
24.0301, 20.6612, 5.02338, 0, 0
24.0334, 20.6612, 5.02338, 0, 0
24.0368, 20.6612, 5.02338, 0, 0
24.0401, 20.6612, 5.02338, 0, 0
24.0434, 20.6612, 5.02338, 0, 0
24.0468, 20.6612, 5.02338, 0, 0
24.0501, 20.6612, 5.02338, 0, 0
24.0535, 20.6612, 5.02338, 0, 0
24.0568, 20.6612, 5.02338, 0, 0
24.0601, 20.6612, 5.02338, 0, 0
24.0634, 20.6612, 5.02338, 0, 0
24.0668, 20.6612, 5.02338, 0, 0
24.0701, 20.6612, 5.02338, 0, 0
24.0734, 20.6612, 5.02338, 0, 0
24.0768, 20.6612, 5.02338, 0, 0
24.0801, 20.6612, 5.02338, 0, 0
24.0835, 20.6612, 5.02338, 0, 0
24.0868, 20.6612, 5.02338, 0, 0
24.0902, 20.6612, 5.02338, 0, 0
24.0935, 20.6612, 5.02338, 0, 0
24.0968, 20.6612, 5.02338, 0, 0
24.1002, 20.6612, 5.02338, 0, 0
24.1035, 20.6612, 5.02338, 0, 0
24.1068, 20.6612, 5.02338, 0, 0
24.1101, 20.6612, 5.02338, 0, 0
24.1135, 20.6612, 5.02338, 0, 0
24.1168, 20.6612, 5.02338, 0, 0
24.1201, 20.6612, 5.02338, 0, 0
24.1235, 20.6612, 5.02338, 0, 0
24.1268, 20.6612, 5.02338, 0, 0
24.1301, 20.6612, 5.02338, 0, 0
24.1334, 20.6612, 5.02338, 0, 0
24.1368, 20.6612, 5.02338, 0, 0
24.1401, 20.6612, 5.02338, 0, 0
24.1434, 20.6612, 5.02338, 0, 0
24.1468, 20.6612, 5.02338, 0, 0
24.1501, 20.6612, 5.02338, 0, 0
24.1534, 20.6612, 5.02338, 0, 0
24.1568, 20.6612, 5.02338, 0, 0
24.1601, 20.6612, 5.02338, 0, 0
24.1634, 20.6612, 5.02338, 0, 0
24.1668, 20.6612, 5.02338, 0, 0
24.1701, 20.6612, 5.02338, 0, 0
24.1735, 20.6612, 5.02338, 0, 0
24.1768, 20.6612, 5.02338, 0, 0
24.1802, 20.6612, 5.02338, 0, 0
24.1834, 20.6612, 5.02338, 0, 0
24.1868, 20.6612, 5.02338, 0, 0
24.1902, 20.6612, 5.02338, 0, 0
24.1935, 20.6612, 5.02338, 0, 0
24.1968, 20.6612, 5.02338, 0, 0
24.2002, 20.6612, 5.02338, 0, 0
24.2035, 20.6612, 5.02338, 0, 0
24.2068, 20.6612, 5.02338, 0, 0
24.2101, 20.6612, 5.02338, 0, 0
24.2135, 20.6612, 5.02338, 0, 0
24.2168, 20.6612, 5.02338, 0, 0
24.2201, 20.6612, 5.02338, 0, 0
24.2235, 20.6612, 5.02338, 0, 0
24.2268, 20.6612, 5.02338, 0, 0
24.2301, 20.6612, 5.02338, 0, 0
24.2334, 20.6612, 5.02338, 0, 0
24.2368, 20.6612, 5.02338, 0, 0
24.2401, 20.6612, 5.02338, 0, 0
24.2435, 20.6612, 5.02338, 0, 0
24.2468, 20.6612, 5.02338, 0, 0
24.2501, 20.6612, 5.02338, 0, 0
24.2535, 20.6612, 5.02338, 0, 0
24.2568, 20.6612, 5.02338, 0, 0
24.2601, 20.6612, 5.02338, 0, 0
24.2634, 20.6612, 5.02338, 0, 0
24.2668, 20.6612, 5.02338, 0, 0
24.2701, 20.6612, 5.02338, 0, 0
24.2735, 20.6612, 5.02338, 0, 0
24.2768, 20.6612, 5.02338, 0, 0
24.2802, 20.6612, 5.02338, 0, 0
24.2835, 20.6612, 5.02338, 0, 0
24.2868, 20.6612, 5.02338, 0, 0
24.2901, 20.6612, 5.02338, 0, 0
24.2935, 20.6612, 5.02338, 0, 0
24.2968, 20.6612, 5.02338, 0, 0
24.3002, 20.6612, 5.02338, 0, 0
24.3035, 20.6612, 5.02338, 0, 0
24.3068, 20.6612, 5.02338, 0, 0
24.3101, 20.6612, 5.02338, 0, 0
24.3134, 20.6612, 5.02338, 0, 0
24.3168, 20.6612, 5.02338, 0, 0
24.3201, 20.6612, 5.02338, 0, 0
24.3234, 20.6612, 5.02338, 0, 0
24.3268, 20.6612, 5.02338, 0, 0
24.3301, 20.6612, 5.02338, 0, 0
24.3335, 20.6612, 5.02338, 0, 0
24.3368, 20.6612, 5.02338, 0, 0
24.3401, 20.6612, 5.02338, 0, 0
24.3435, 20.6612, 5.02338, 0, 0
24.3468, 20.6612, 5.02338, 0, 0
24.3501, 20.6612, 5.02338, 0, 0
24.3535, 20.6612, 5.02338, 0, 0
24.3567, 20.6612, 5.02338, 0, 0
24.3601, 20.6612, 5.02338, 0, 0
24.3634, 20.6612, 5.02338, 0, 0
24.3668, 20.6612, 5.02338, 0, 0
24.3701, 20.6612, 5.02338, 0, 0
24.3734, 20.6612, 5.02338, 0, 0
24.3768, 20.6612, 5.02338, 0, 0
24.3801, 20.6612, 5.02338, 0, 0
24.3834, 20.6612, 5.02338, 0, 0
24.3868, 20.6612, 5.02338, 0, 0
24.3901, 20.6612, 5.02338, 0, 0
24.3934, 20.6612, 5.02338, 0, 0
24.3968, 20.6612, 5.02338, 0, 0
24.4001, 20.6612, 5.02338, 0, 0
24.4034, 20.6612, 5.02338, 0, 0
24.4068, 20.6612, 5.02338, 0, 0
24.4101, 20.6612, 5.02338, 0, 0
24.4134, 20.6612, 5.02338, 0, 0
24.4168, 20.6612, 5.02338, 0, 0
24.4201, 20.6612, 5.02338, 0, 0
24.4234, 20.6612, 5.02338, 0, 0
24.4268, 20.6612, 5.02338, 0, 0
24.4301, 20.6612, 5.02338, 0, 0
24.4335, 20.6612, 5.02338, 0, 0
24.4368, 20.6612, 5.02338, 0, 0
24.4401, 20.6612, 5.02338, 0, 0
24.4435, 20.6612, 5.02338, 0, 0
24.4468, 20.6612, 5.02338, 0, 0
24.4501, 20.6612, 5.02338, 0, 0
24.4534, 20.6612, 5.02338, 0, 0
24.4568, 20.6612, 5.02338, 0, 0
24.4601, 20.6612, 5.02338, 0, 0
24.4635, 20.6612, 5.02338, 0, 0
24.4668, 20.6612, 5.02338, 0, 0
24.4701, 20.6612, 5.02338, 0, 0
24.4734, 20.6612, 5.02338, 0, 0
24.4768, 20.6612, 5.02338, 0, 0
24.4801, 20.6612, 5.02338, 0, 0
24.4834, 20.6612, 5.02338, 0, 0
24.4868, 20.6612, 5.02338, 0, 0
24.4901, 20.6612, 5.02338, 0, 0
24.4934, 20.6612, 5.02338, 0, 0
24.4968, 20.6612, 5.02338, 0, 0
24.5001, 20.6612, 5.02338, 0, 0
24.5034, 20.6612, 5.02338, 0, 0
24.5068, 20.6612, 5.02338, 0, 0
24.5101, 20.6612, 5.02338, 0, 0
24.5135, 20.6612, 5.02338, 0, 0
24.5168, 20.6612, 5.02338, 0, 0
24.5202, 20.6612, 5.02338, 0, 0
24.5235, 20.6612, 5.02338, 0, 0
24.5268, 20.6612, 5.02338, 0, 0
24.5302, 20.6612, 5.02338, 0, 0
24.5335, 20.6612, 5.02338, 0, 0
24.5368, 20.6612, 5.02338, 0, 0
24.5401, 20.6612, 5.02338, 0, 0
24.5434, 20.6612, 5.02338, 0, 0
24.5468, 20.6612, 5.02338, 0, 0
24.5501, 20.6612, 5.02338, 0, 0
24.5535, 20.6612, 5.02338, 0, 0
24.5568, 20.6612, 5.02338, 0, 0
24.5601, 20.6612, 5.02338, 0, 0
24.5635, 20.6612, 5.02338, 0, 0
24.5668, 20.6612, 5.02338, 0, 0
24.5701, 20.6612, 5.02338, 0, 0
24.5734, 20.6612, 5.02338, 0, 0
24.5768, 20.6612, 5.02338, 0, 0
24.5801, 20.6612, 5.02338, 0, 0
24.5834, 20.6612, 5.02338, 0, 0
24.5868, 20.6612, 5.02338, 0, 0
24.5901, 20.6612, 5.02338, 0, 0
24.5935, 20.6612, 5.02338, 0, 0
24.5968, 20.6612, 5.02338, 0, 0
24.6001, 20.6612, 5.02338, 0, 0
24.6035, 20.6612, 5.02338, 0, 0
24.6068, 20.6612, 5.02338, 0, 0
24.6101, 20.6612, 5.02338, 0, 0
24.6135, 20.6612, 5.02338, 0, 0
24.6168, 20.6612, 5.02338, 0, 0
24.6202, 20.6612, 5.02338, 0, 0
24.6235, 20.6612, 5.02338, 0, 0
24.6268, 20.6612, 5.02338, 0, 0
24.6302, 20.6612, 5.02338, 0, 0
24.6335, 20.6612, 5.02338, 0, 0
24.6368, 20.6612, 5.02338, 0, 0
24.6401, 20.6612, 5.02338, 0, 0
24.6434, 20.6612, 5.02338, 0, 0
24.6468, 20.6612, 5.02338, 0, 0
24.6501, 20.6612, 5.02338, 0, 0
24.6535, 20.6612, 5.02338, 0, 0
24.6568, 20.6612, 5.02338, 0, 0
24.6601, 20.6612, 5.02338, 0, 0
24.6635, 20.6612, 5.02338, 0, 0
24.6668, 20.6612, 5.02338, 0, 0
24.6701, 20.6612, 5.02338, 0, 0
24.6735, 20.6612, 5.02338, 0, 0
24.6768, 20.6612, 5.02338, 0, 0
24.6801, 20.6612, 5.02338, 0, 0
24.6835, 20.6612, 5.02338, 0, 0
24.6868, 20.6612, 5.02338, 0, 0
24.6902, 20.6612, 5.02338, 0, 0
24.6935, 20.6612, 5.02338, 0, 0
24.6968, 20.6612, 5.02338, 0, 0
24.7001, 20.6612, 5.02338, 0, 0
24.7034, 20.6612, 5.02338, 0, 0
24.7068, 20.6612, 5.02338, 0, 0
24.7101, 20.6612, 5.02338, 0, 0
24.7135, 20.6612, 5.02338, 0, 0
24.7168, 20.6612, 5.02338, 0, 0
24.7202, 20.6612, 5.02338, 0, 0
24.7235, 20.6612, 5.02338, 0, 0
24.7268, 20.6612, 5.02338, 0, 0
24.7301, 20.6612, 5.02338, 0, 0
24.7335, 20.6612, 5.02338, 0, 0
24.7368, 20.6612, 5.02338, 0, 0
24.7401, 20.6612, 5.02338, 0, 0
24.7434, 20.6612, 5.02338, 0, 0
24.7468, 20.6612, 5.02338, 0, 0
24.7501, 20.6612, 5.02338, 0, 0
24.7535, 20.6612, 5.02338, 0, 0
24.7568, 20.6612, 5.02338, 0, 0
24.7601, 20.6612, 5.02338, 0, 0
24.7635, 20.6612, 5.02338, 0, 0
24.7668, 20.6612, 5.02338, 0, 0
24.7701, 20.6612, 5.02338, 0, 0
24.7735, 20.6612, 5.02338, 0, 0
24.7768, 20.6612, 5.02338, 0, 0
24.7801, 20.6612, 5.02338, 0, 0
24.7835, 20.6612, 5.02338, 0, 0
24.7868, 20.6612, 5.02338, 0, 0
24.7901, 20.6612, 5.02338, 0, 0
24.7934, 20.6612, 5.02338, 0, 0
24.7968, 20.6612, 5.02338, 0, 0
24.8001, 20.6612, 5.02338, 0, 0
24.8034, 20.6612, 5.02338, 0, 0
24.8068, 20.6612, 5.02338, 0, 0
24.8101, 20.6612, 5.02338, 0, 0
24.8135, 20.6612, 5.02338, 0, 0
24.8168, 20.6612, 5.02338, 0, 0
24.8201, 20.6612, 5.02338, 0, 0
24.8234, 20.6612, 5.02338, 0, 0
24.8268, 20.6612, 5.02338, 0, 0
24.8301, 20.6612, 5.02338, 0, 0
24.8335, 20.6612, 5.02338, 0, 0
24.8368, 20.6612, 5.02338, 0, 0
24.8401, 20.6612, 5.02338, 0, 0
24.8435, 20.6612, 5.02338, 0, 0
24.8468, 20.6612, 5.02338, 0, 0
24.8501, 20.6612, 5.02338, 0, 0
24.8535, 20.6612, 5.02338, 0, 0
24.8568, 20.6612, 5.02338, 0, 0
24.8601, 20.6612, 5.02338, 0, 0
24.8635, 20.6612, 5.02338, 0, 0
24.8668, 20.6612, 5.02338, 0, 0
24.8701, 20.6612, 5.02338, 0, 0
24.8735, 20.6612, 5.02338, 0, 0
24.8768, 20.6612, 5.02338, 0, 0
24.8801, 20.6612, 5.02338, 0, 0
24.8834, 20.6612, 5.02338, 0, 0
24.8868, 20.6612, 5.02338, 0, 0
24.8901, 20.6612, 5.02338, 0, 0
24.8935, 20.6612, 5.02338, 0, 0
24.8968, 20.6612, 5.02338, 0, 0
24.9001, 20.6612, 5.02338, 0, 0
24.9035, 20.6612, 5.02338, 0, 0
24.9068, 20.6612, 5.02338, 0, 0
24.9101, 20.6612, 5.02338, 0, 0
24.9135, 20.6612, 5.02338, 0, 0
24.9167, 20.6612, 5.02338, 0, 0
24.9201, 20.6612, 5.02338, 0, 0
24.9234, 20.6612, 5.02338, 0, 0
24.9268, 20.6612, 5.02338, 0, 0
24.9301, 20.6612, 5.02338, 0, 0
24.9335, 20.6612, 5.02338, 0, 0
24.9368, 20.6612, 5.02338, 0, 0
24.9401, 20.6612, 5.02338, 0, 0
24.9434, 20.6612, 5.02338, 0, 0
24.9468, 20.6612, 5.02338, 0, 0
24.9501, 20.6612, 5.02338, 0, 0
24.9535, 20.6612, 5.02338, 0, 0
24.9568, 20.6612, 5.02338, 0, 0
24.9601, 20.6612, 5.02338, 0, 0
24.9635, 20.6612, 5.02338, 0, 0
24.9668, 20.6612, 5.02338, 0, 0
24.9701, 20.6612, 5.02338, 0, 0
24.9734, 20.6612, 5.02338, 0, 0
24.9768, 20.6612, 5.02338, 0, 0
24.9801, 20.6612, 5.02338, 0, 0
24.9835, 20.6612, 5.02338, 0, 0
24.9868, 20.6612, 5.02338, 0, 0
24.9901, 20.6612, 5.02338, 0, 0
24.9934, 20.6612, 5.02338, 0, 0
24.9968, 20.6612, 5.02338, 0, 0
25.0001, 20.6612, 5.02338, 0, 0
25.0035, 20.6612, 5.02338, 0, 0
25.0068, 20.6612, 5.02338, 0, 0
25.0101, 20.6612, 5.02338, 0, 0
25.0134, 20.6612, 5.02338, 0, 0
25.0168, 20.6612, 5.02338, 0, 0
25.0201, 20.6612, 5.02338, 0, 0
25.0235, 20.6612, 5.02338, 0, 0
25.0268, 20.6612, 5.02338, 0, 0
25.0301, 20.6612, 5.02338, 0, 0
25.0335, 20.6612, 5.02338, 0, 0
25.0368, 20.6612, 5.02338, 0, 0
25.0402, 20.6612, 5.02338, 0, 0
25.0435, 20.6612, 5.02338, 0, 0
25.0468, 20.6612, 5.02338, 0, 0
25.0501, 20.6612, 5.02338, 0, 0
25.0535, 20.6612, 5.02338, 0, 0
25.0568, 20.6612, 5.02338, 0, 0
25.0601, 20.6612, 5.02338, 0, 0
25.0635, 20.6612, 5.02338, 0, 0
25.0668, 20.6612, 5.02338, 0, 0
25.0702, 20.6612, 5.02338, 0, 0
25.0735, 20.6612, 5.02338, 0, 0
25.0768, 20.6612, 5.02338, 0, 0
25.0801, 20.6612, 5.02338, 0, 0
25.0835, 20.6612, 5.02338, 0, 0
25.0868, 20.6612, 5.02338, 0, 0
25.0901, 20.6612, 5.02338, 0, 0
25.0934, 20.6612, 5.02338, 0, 0
25.0968, 20.6612, 5.02338, 0, 0
25.1001, 20.6612, 5.02338, 0, 0
25.1034, 20.6612, 5.02338, 0, 0
25.1067, 20.6612, 5.02338, 0, 0
25.1102, 20.6612, 5.02338, 0, 0
25.1135, 20.6612, 5.02338, 0, 0
25.1168, 20.6612, 5.02338, 0, 0
25.1202, 20.6612, 5.02338, 0, 0
25.1235, 20.6612, 5.02338, 0, 0
25.1268, 20.6612, 5.02338, 0, 0
25.1301, 20.6612, 5.02338, 0, 0
25.1335, 20.6612, 5.02338, 0, 0
25.1368, 20.6612, 5.02338, 0, 0
25.1401, 20.6612, 5.02338, 0, 0
25.1435, 20.6612, 5.02338, 0, 0
25.1468, 20.6612, 5.02338, 0, 0
25.1502, 20.6612, 5.02338, 0, 0
25.1535, 20.6612, 5.02338, 0, 0
25.1568, 20.6612, 5.02338, 0, 0
25.1601, 20.6612, 5.02338, 0, 0
25.1635, 20.6612, 5.02338, 0, 0
25.1668, 20.6612, 5.02338, 0, 0
25.1702, 20.6612, 5.02338, 0, 0
25.1735, 20.6612, 5.02338, 0, 0
25.1768, 20.6612, 5.02338, 0, 0
25.1802, 20.6612, 5.02338, 0, 0
25.1834, 20.6612, 5.02338, 0, 0
25.1868, 20.6612, 5.02338, 0, 0
25.1901, 20.6612, 5.02338, 0, 0
25.1935, 20.6612, 5.02338, 0, 0
25.1967, 20.6612, 5.02338, 0, 0
25.2001, 20.6612, 5.02338, 0, 0
25.2035, 20.6612, 5.02338, 0, 0
25.2068, 20.6612, 5.02338, 0, 0
25.2101, 20.6612, 5.02338, 0, 0
25.2134, 20.6612, 5.02338, 0, 0
25.2168, 20.6612, 5.02338, 0, 0
25.2201, 20.6612, 5.02338, 0, 0
25.2234, 20.6612, 5.02338, 0, 0
25.2268, 20.6612, 5.02338, 0, 0
25.2301, 20.6612, 5.02338, 0, 0
25.2335, 20.6612, 5.02338, 0, 0
25.2368, 20.6612, 5.02338, 0, 0
25.2401, 20.6612, 5.02338, 0, 0
25.2435, 20.6612, 5.02338, 0, 0
25.2468, 20.6612, 5.02338, 0, 0
25.2501, 20.6612, 5.02338, 0, 0
25.2535, 20.6612, 5.02338, 0, 0
25.2568, 20.6612, 5.02338, 0, 0
25.2601, 20.6612, 5.02338, 0, 0
25.2635, 20.6612, 5.02338, 0, 0
25.2668, 20.6612, 5.02338, 0, 0
25.2701, 20.6612, 5.02338, 0, 0
25.2735, 20.6612, 5.02338, 0, 0
25.2768, 20.6612, 5.02338, 0, 0
25.2802, 20.6612, 5.02338, 0, 0
25.2835, 20.6612, 5.02338, 0, 0
25.2868, 20.6612, 5.02338, 0, 0
25.2901, 20.6612, 5.02338, 0, 0
25.2935, 20.6612, 5.02338, 0, 0
25.2968, 20.6612, 5.02338, 0, 0
25.3001, 20.6612, 5.02338, 0, 0
25.3035, 20.6612, 5.02338, 0, 0
25.3068, 20.6612, 5.02338, 0, 0
25.3101, 20.6612, 5.02338, 0, 0
25.3135, 20.6612, 5.02338, 0, 0
25.3168, 20.6612, 5.02338, 0, 0
25.3201, 20.6612, 5.02338, 0, 0
25.3235, 20.6612, 5.02338, 0, 0
25.3268, 20.6612, 5.02338, 0, 0
25.3301, 20.6612, 5.02338, 0, 0
25.3335, 20.6612, 5.02338, 0, 0
25.3368, 20.6612, 5.02338, 0, 0
25.3401, 20.6612, 5.02338, 0, 0
25.3435, 20.6612, 5.02338, 0, 0
25.3468, 20.6612, 5.02338, 0, 0
25.3501, 20.6612, 5.02338, 0, 0
25.3534, 20.6612, 5.02338, 0, 0
25.3568, 20.6612, 5.02338, 0, 0
25.3601, 20.6612, 5.02338, 0, 0
25.3634, 20.6612, 5.02338, 0, 0
25.3668, 20.6612, 5.02338, 0, 0
25.3701, 20.6612, 5.02338, 0, 0
25.3735, 20.6612, 5.02338, 0, 0
25.3768, 20.6612, 5.02338, 0, 0
25.3802, 20.6612, 5.02338, 0, 0
25.3835, 20.6612, 5.02338, 0, 0
25.3868, 20.6612, 5.02338, 0, 0
25.3901, 20.6612, 5.02338, 0, 0
25.3935, 20.6612, 5.02338, 0, 0
25.3968, 20.6612, 5.02338, 0, 0
25.4002, 20.6612, 5.02338, 0, 0
25.4035, 20.6612, 5.02338, 0, 0
25.4068, 20.6612, 5.02338, 0, 0
25.4101, 20.6612, 5.02338, 0, 0
25.4134, 20.6612, 5.02338, 0, 0
25.4168, 20.6612, 5.02338, 0, 0
25.4201, 20.6612, 5.02338, 0, 0
25.4235, 20.6612, 5.02338, 0, 0
25.4268, 20.6612, 5.02338, 0, 0
25.4301, 20.6612, 5.02338, 0, 0
25.4335, 20.6612, 5.02338, 0, 0
25.4368, 20.6612, 5.02338, 0, 0
25.4401, 20.6612, 5.02338, 0, 0
25.4434, 20.6612, 5.02338, 0, 0
25.4468, 20.6612, 5.02338, 0, 0
25.4501, 20.6612, 5.02338, 0, 0
25.4534, 20.6612, 5.02338, 0, 0
25.4568, 20.6612, 5.02338, 0, 0
25.4601, 20.6612, 5.02338, 0, 0
25.4635, 20.6612, 5.02338, 0, 0
25.4668, 20.6612, 5.02338, 0, 0
25.4702, 20.6612, 5.02338, 0, 0
25.4735, 20.6612, 5.02338, 0, 0
25.4768, 20.6612, 5.02338, 0, 0
25.4801, 20.6612, 5.02338, 0, 0
25.4835, 20.6612, 5.02338, 0, 0
25.4868, 20.6612, 5.02338, 0, 0
25.4901, 20.6612, 5.02338, 0, 0
25.4934, 20.6612, 5.02338, 0, 0
25.4968, 20.6612, 5.02338, 0, 0
25.5002, 20.6612, 5.02338, 0, 0
25.5035, 20.6612, 5.02338, 0, 0
25.5068, 20.6612, 5.02338, 0, 0
25.5101, 20.6612, 5.02338, 0, 0
25.5135, 20.6612, 5.02338, 0, 0
25.5168, 20.6612, 5.02338, 0, 0
25.5201, 20.6612, 5.02338, 0, 0
25.5235, 20.6612, 5.02338, 0, 0
25.5268, 20.6612, 5.02338, 0, 0
25.5301, 20.6612, 5.02338, 0, 0
25.5334, 20.6612, 5.02338, 0, 0
25.5368, 20.6612, 5.02338, 0, 0
25.5401, 20.6612, 5.02338, 0, 0
25.5434, 20.6612, 5.02338, 0, 0
25.5468, 20.6612, 5.02338, 0, 0
25.5501, 20.6612, 5.02338, 0, 0
25.5534, 20.6612, 5.02338, 0, 0
25.5568, 20.6612, 5.02338, 0, 0
25.5601, 20.6612, 5.02338, 0, 0
25.5635, 20.6612, 5.02338, 0, 0
25.5668, 20.6612, 5.02338, 0, 0
25.5701, 20.6612, 5.02338, 0, 0
25.5735, 20.6612, 5.02338, 0, 0
25.5768, 20.6612, 5.02338, 0, 0
25.5801, 20.6612, 5.02338, 0, 0
25.5835, 20.6612, 5.02338, 0, 0
25.5868, 20.6612, 5.02338, 0, 0
25.5902, 20.6612, 5.02338, 0, 0
25.5935, 20.6612, 5.02338, 0, 0
25.5968, 20.6612, 5.02338, 0, 0
25.6001, 20.6612, 5.02338, 0, 0
25.6034, 20.6612, 5.02338, 0, 0
25.6068, 20.6612, 5.02338, 0, 0
25.6101, 20.6612, 5.02338, 0, 0
25.6134, 20.6612, 5.02338, 0, 0
25.6168, 20.6612, 5.02338, 0, 0
25.6201, 20.6612, 5.02338, 0, 0
25.6235, 20.6612, 5.02338, 0, 0
25.6268, 20.6612, 5.02338, 0, 0
25.6301, 20.6612, 5.02338, 0, 0
25.6335, 20.6612, 5.02338, 0, 0
25.6368, 20.6612, 5.02338, 0, 0
25.6401, 20.6612, 5.02338, 0, 0
25.6434, 20.6612, 5.02338, 0, 0
25.6468, 20.6612, 5.02338, 0, 0
25.6501, 20.6612, 5.02338, 0, 0
25.6534, 20.6612, 5.02338, 0, 0
25.6568, 20.6612, 5.02338, 0, 0
25.6601, 20.6612, 5.02338, 0, 0
25.6635, 20.6612, 5.02338, 0, 0
25.6668, 20.6612, 5.02338, 0, 0
25.6701, 20.6612, 5.02338, 0, 0
25.6735, 20.6612, 5.02338, 0, 0
25.6768, 20.6612, 5.02338, 0, 0
25.6801, 20.6612, 5.02338, 0, 0
25.6835, 20.6612, 5.02338, 0, 0
25.6868, 20.6612, 5.02338, 0, 0
25.6901, 20.6612, 5.02338, 0, 0
25.6934, 20.6612, 5.02338, 0, 0
25.6968, 20.6612, 5.02338, 0, 0
25.7001, 20.6612, 5.02338, 0, 0
25.7034, 20.6612, 5.02338, 0, 0
25.7068, 20.6612, 5.02338, 0, 0
25.7102, 20.6612, 5.02338, 0, 0
25.7135, 20.6612, 5.02338, 0, 0
25.7168, 20.6612, 5.02338, 0, 0
25.7202, 20.6612, 5.02338, 0, 0
25.7234, 20.6612, 5.02338, 0, 0
25.7268, 20.6612, 5.02338, 0, 0
25.7302, 20.6612, 5.02338, 0, 0
25.7335, 20.6612, 5.02338, 0, 0
25.7368, 20.6612, 5.02338, 0, 0
25.7401, 20.6612, 5.02338, 0, 0
25.7435, 20.6612, 5.02338, 0, 0
25.7468, 20.6612, 5.02338, 0, 0
25.7501, 20.6612, 5.02338, 0, 0
25.7535, 20.6612, 5.02338, 0, 0
25.7568, 20.6612, 5.02338, 0, 0
25.7601, 20.6612, 5.02338, 0, 0
25.7635, 20.6612, 5.02338, 0, 0
25.7668, 20.6612, 5.02338, 0, 0
25.7701, 20.6612, 5.02338, 0, 0
25.7735, 20.6612, 5.02338, 0, 0
25.7768, 20.6612, 5.02338, 0, 0
25.7801, 20.6612, 5.02338, 0, 0
25.7835, 20.6612, 5.02338, 0, 0
25.7868, 20.6612, 5.02338, 0, 0
25.7901, 20.6612, 5.02338, 0, 0
25.7935, 20.6612, 5.02338, 0, 0
25.7968, 20.6612, 5.02338, 0, 0
25.8001, 20.6612, 5.02338, 0, 0
25.8035, 20.6612, 5.02338, 0, 0
25.8068, 20.6612, 5.02338, 0, 0
25.8101, 20.6612, 5.02338, 0, 0
25.8135, 20.6612, 5.02338, 0, 0
25.8167, 20.6612, 5.02338, 0, 0
25.8201, 20.6612, 5.02338, 0, 0
25.8234, 20.6612, 5.02338, 0, 0
25.8268, 20.6612, 5.02338, 0, 0
25.8301, 20.6612, 5.02338, 0, 0
25.8335, 20.6612, 5.02338, 0, 0
25.8368, 20.6612, 5.02338, 0, 0
25.8401, 20.6612, 5.02338, 0, 0
25.8435, 20.6612, 5.02338, 0, 0
25.8468, 20.6612, 5.02338, 0, 0
25.8501, 20.6612, 5.02338, 0, 0
25.8535, 20.6612, 5.02338, 0, 0
25.8568, 20.6612, 5.02338, 0, 0
25.8601, 20.6612, 5.02338, 0, 0
25.8635, 20.6612, 5.02338, 0, 0
25.8668, 20.6612, 5.02338, 0, 0
25.8701, 20.6612, 5.02338, 0, 0
25.8735, 20.6612, 5.02338, 0, 0
25.8768, 20.6612, 5.02338, 0, 0
25.8801, 20.6612, 5.02338, 0, 0
25.8834, 20.6612, 5.02338, 0, 0
25.8868, 20.6612, 5.02338, 0, 0
25.8901, 20.6612, 5.02338, 0, 0
25.8934, 20.6612, 5.02338, 0, 0
25.8968, 20.6612, 5.02338, 0, 0
25.9001, 20.6612, 5.02338, 0, 0
25.9035, 20.6612, 5.02338, 0, 0
25.9068, 20.6612, 5.02338, 0, 0
25.9101, 20.6612, 5.02338, 0, 0
25.9134, 20.6612, 5.02338, 0, 0
25.9168, 20.6612, 5.02338, 0, 0
25.9201, 20.6612, 5.02338, 0, 0
25.9234, 20.6612, 5.02338, 0, 0
25.9268, 20.6612, 5.02338, 0, 0
25.9301, 20.6612, 5.02338, 0, 0
25.9334, 20.6612, 5.02338, 0, 0
25.9368, 20.6612, 5.02338, 0, 0
25.9401, 20.6612, 5.02338, 0, 0
25.9435, 20.6612, 5.02338, 0, 0
25.9468, 20.6612, 5.02338, 0, 0
25.9501, 20.6612, 5.02338, 0, 0
25.9535, 20.6612, 5.02338, 0, 0
25.9568, 20.6612, 5.02338, 0, 0
25.9601, 20.6612, 5.02338, 0, 0
25.9634, 20.6612, 5.02338, 0, 0
25.9668, 20.6612, 5.02338, 0, 0
25.9701, 20.6612, 5.02338, 0, 0
25.9735, 20.6612, 5.02338, 0, 0
25.9768, 20.6612, 5.02338, 0, 0
25.9801, 20.6612, 5.02338, 0, 0
25.9834, 20.6612, 5.02338, 0, 0
25.9868, 20.6612, 5.02338, 0, 0
25.9901, 20.6612, 5.02338, 0, 0
25.9935, 20.6612, 5.02338, 0, 0
25.9968, 20.6612, 5.02338, 0, 0
26.0002, 20.6612, 5.02338, 0, 0
26.0034, 20.6612, 5.02338, 0, 0
26.0068, 20.6612, 5.02338, 0, 0
26.0101, 20.6612, 5.02338, 0, 0
26.0135, 20.6612, 5.02338, 0, 0
26.0168, 20.6612, 5.02338, 0, 0
26.0202, 20.6612, 5.02338, 0, 0
26.0235, 20.6612, 5.02338, 0, 0
26.0268, 20.6612, 5.02338, 0, 0
26.0301, 20.6612, 5.02338, 0, 0
26.0334, 20.6612, 5.02338, 0, 0
26.0368, 20.6612, 5.02338, 0, 0
26.0401, 20.6612, 5.02338, 0, 0
26.0434, 20.6612, 5.02338, 0, 0
26.0468, 20.6612, 5.02338, 0, 0
26.0501, 20.6612, 5.02338, 0, 0
26.0534, 20.6612, 5.02338, 0, 0
26.0568, 20.6612, 5.02338, 0, 0
26.0601, 20.6612, 5.02338, 0, 0
26.0634, 20.6612, 5.02338, 0, 0
26.0668, 20.6612, 5.02338, 0, 0
26.0701, 20.6612, 5.02338, 0, 0
26.0734, 20.6612, 5.02338, 0, 0
26.0768, 20.6612, 5.02338, 0, 0
26.0801, 20.6612, 5.02338, 0, 0
26.0835, 20.6612, 5.02338, 0, 0
26.0868, 20.6612, 5.02338, 0, 0
26.0901, 20.6612, 5.02338, 0, 0
26.0935, 20.6612, 5.02338, 0, 0
26.0968, 20.6612, 5.02338, 0, 0
26.1001, 20.6612, 5.02338, 0, 0
26.1035, 20.6612, 5.02338, 0, 0
26.1068, 20.6612, 5.02338, 0, 0
26.1101, 20.6612, 5.02338, 0, 0
26.1135, 20.6612, 5.02338, 0, 0
26.1168, 20.6612, 5.02338, 0, 0
26.1201, 20.6612, 5.02338, 0, 0
26.1235, 20.6612, 5.02338, 0, 0
26.1268, 20.6612, 5.02338, 0, 0
26.1301, 20.6612, 5.02338, 0, 0
26.1335, 20.6612, 5.02338, 0, 0
26.1368, 20.6612, 5.02338, 0, 0
26.1401, 20.6612, 5.02338, 0, 0
26.1435, 20.6612, 5.02338, 0, 0
26.1468, 20.6612, 5.02338, 0, 0
26.1501, 20.6612, 5.02338, 0, 0
26.1534, 20.6612, 5.02338, 0, 0
26.1568, 20.6612, 5.02338, 0, 0
26.1601, 20.6612, 5.02338, 0, 0
26.1634, 20.6612, 5.02338, 0, 0
26.1668, 20.6612, 5.02338, 0, 0
26.1701, 20.6612, 5.02338, 0, 0
26.1734, 20.6612, 5.02338, 0, 0
26.1768, 20.6612, 5.02338, 0, 0
26.1801, 20.6612, 5.02338, 0, 0
26.1835, 20.6612, 5.02338, 0, 0
26.1868, 20.6612, 5.02338, 0, 0
26.1901, 20.6612, 5.02338, 0, 0
26.1934, 20.6612, 5.02338, 0, 0
26.1968, 20.6612, 5.02338, 0, 0
26.2001, 20.6612, 5.02338, 0, 0
26.2035, 20.6612, 5.02338, 0, 0
26.2068, 20.6612, 5.02338, 0, 0
26.2101, 20.6612, 5.02338, 0, 0
26.2135, 20.6612, 5.02338, 0, 0
26.2168, 20.6612, 5.02338, 0, 0
26.2201, 20.6612, 5.02338, 0, 0
26.2235, 20.6612, 5.02338, 0, 0
26.2268, 20.6612, 5.02338, 0, 0
26.2302, 20.6612, 5.02338, 0, 0
26.2335, 20.6612, 5.02338, 0, 0
26.2368, 20.6612, 5.02338, 0, 0
26.2401, 20.6612, 5.02338, 0, 0
26.2435, 20.6612, 5.02338, 0, 0
26.2468, 20.6612, 5.02338, 0, 0
26.2502, 20.6612, 5.02338, 0, 0
26.2534, 20.6612, 5.02338, 0, 0
26.2568, 20.6612, 5.02338, 0, 0
26.2601, 20.6612, 5.02338, 0, 0
26.2634, 20.6612, 5.02338, 0, 0
26.2668, 20.6612, 5.02338, 0, 0
26.2701, 20.6612, 5.02338, 0, 0
26.2735, 20.6612, 5.02338, 0, 0
26.2768, 20.6612, 5.02338, 0, 0
26.2801, 20.6612, 5.02338, 0, 0
26.2834, 20.6612, 5.02338, 0, 0
26.2868, 20.6612, 5.02338, 0, 0
26.2901, 20.6612, 5.02338, 0, 0
26.2934, 20.6612, 5.02338, 0, 0
26.2968, 20.6612, 5.02338, 0, 0
26.3001, 20.6612, 5.02338, 0, 0
26.3034, 20.6612, 5.02338, 0, 0
26.3068, 20.6612, 5.02338, 0, 0
26.3101, 20.6612, 5.02338, 0, 0
26.3134, 20.6612, 5.02338, 0, 0
26.3168, 20.6612, 5.02338, 0, 0
26.3201, 20.6612, 5.02338, 0, 0
26.3235, 20.6612, 5.02338, 0, 0
26.3268, 20.6612, 5.02338, 0, 0
26.3301, 20.6612, 5.02338, 0, 0
26.3334, 20.6612, 5.02338, 0, 0
26.3368, 20.6612, 5.02338, 0, 0
26.3402, 20.6612, 5.02338, 0, 0
26.3435, 20.6612, 5.02338, 0, 0
26.3468, 20.6612, 5.02338, 0, 0
26.3501, 20.6612, 5.02338, 0, 0
26.3534, 20.6612, 5.02338, 0, 0
26.3568, 20.6612, 5.02338, 0, 0
26.3601, 20.6612, 5.02338, 0, 0
26.3635, 20.6612, 5.02338, 0, 0
26.3668, 20.6612, 5.02338, 0, 0
26.3702, 20.6612, 5.02338, 0, 0
26.3735, 20.6612, 5.02338, 0, 0
26.3768, 20.6612, 5.02338, 0, 0
26.3801, 20.6612, 5.02338, 0, 0
26.3835, 20.6612, 5.02338, 0, 0
26.3867, 20.6612, 5.02338, 0, 0
26.3901, 20.6612, 5.02338, 0, 0
26.3934, 20.6612, 5.02338, 0, 0
26.3968, 20.6612, 5.02338, 0, 0
26.4001, 20.6612, 5.02338, 0, 0
26.4035, 20.6612, 5.02338, 0, 0
26.4068, 20.6612, 5.02338, 0, 0
26.4101, 20.6612, 5.02338, 0, 0
26.4134, 20.6612, 5.02338, 0, 0
26.4168, 20.6612, 5.02338, 0, 0
26.4201, 20.6612, 5.02338, 0, 0
26.4235, 20.6612, 5.02338, 0, 0
26.4268, 20.6612, 5.02338, 0, 0
26.4301, 20.6612, 5.02338, 0, 0
26.4334, 20.6612, 5.02338, 0, 0
26.4368, 20.6612, 5.02338, 0, 0
26.4401, 20.6612, 5.02338, 0, 0
26.4435, 20.6612, 5.02338, 0, 0
26.4468, 20.6612, 5.02338, 0, 0
26.4502, 20.6612, 5.02338, 0, 0
26.4534, 20.6612, 5.02338, 0, 0
26.4568, 20.6612, 5.02338, 0, 0
26.4602, 20.6612, 5.02338, 0, 0
26.4635, 20.6612, 5.02338, 0, 0
26.4668, 20.6612, 5.02338, 0, 0
26.4701, 20.6612, 5.02338, 0, 0
26.4734, 20.6612, 5.02338, 0, 0
26.4768, 20.6612, 5.02338, 0, 0
26.4801, 20.6612, 5.02338, 0, 0
26.4834, 20.6612, 5.02338, 0, 0
26.4867, 20.6612, 5.02338, 0, 0
26.4901, 20.6612, 5.02338, 0, 0
26.4935, 20.6612, 5.02338, 0, 0
26.4968, 20.6612, 5.02338, 0, 0
26.5001, 20.6612, 5.02338, 0, 0
26.5035, 20.6612, 5.02338, 0, 0
26.5068, 20.6612, 5.02338, 0, 0
26.5101, 20.6612, 5.02338, 0, 0
26.5134, 20.6612, 5.02338, 0, 0
26.5168, 20.6612, 5.02338, 0, 0
26.5201, 20.6612, 5.02338, 0, 0
26.5235, 20.6612, 5.02338, 0, 0
26.5268, 20.6612, 5.02338, 0, 0
26.5301, 20.6612, 5.02338, 0, 0
26.5334, 20.6612, 5.02338, 0, 0
26.5368, 20.6612, 5.02338, 0, 0
26.5402, 20.6612, 5.02338, 0, 0
26.5434, 20.6612, 5.02338, 0, 0
26.5468, 20.6612, 5.02338, 0, 0
26.5501, 20.6612, 5.02338, 0, 0
26.5534, 20.6612, 5.02338, 0, 0
26.5568, 20.6612, 5.02338, 0, 0
26.5602, 20.6612, 5.02338, 0, 0
26.5634, 20.6612, 5.02338, 0, 0
26.5668, 20.6612, 5.02338, 0, 0
26.5701, 20.6612, 5.02338, 0, 0
26.5735, 20.6612, 5.02338, 0, 0
26.5768, 20.6612, 5.02338, 0, 0
26.5801, 20.6612, 5.02338, 0, 0
26.5835, 20.6612, 5.02338, 0, 0
26.5868, 20.6612, 5.02338, 0, 0
26.5901, 20.6612, 5.02338, 0, 0
26.5935, 20.6612, 5.02338, 0, 0
26.5968, 20.6612, 5.02338, 0, 0
26.6001, 20.6612, 5.02338, 0, 0
26.6035, 20.6612, 5.02338, 0, 0
26.6067, 20.6612, 5.02338, 0, 0
26.6101, 20.6612, 5.02338, 0, 0
26.6134, 20.6612, 5.02338, 0, 0
26.6168, 20.6612, 5.02338, 0, 0
26.6201, 20.6612, 5.02338, 0, 0
26.6235, 20.6612, 5.02338, 0, 0
26.6268, 20.6612, 5.02338, 0, 0
26.6301, 20.6612, 5.02338, 0, 0
26.6335, 20.6612, 5.02338, 0, 0
26.6368, 20.6612, 5.02338, 0, 0
26.6401, 20.6612, 5.02338, 0, 0
26.6435, 20.6612, 5.02338, 0, 0
26.6468, 20.6612, 5.02338, 0, 0
26.6501, 20.6612, 5.02338, 0, 0
26.6534, 20.6612, 5.02338, 0, 0
26.6568, 20.6612, 5.02338, 0, 0
26.6601, 20.6612, 5.02338, 0, 0
26.6635, 20.6612, 5.02338, 0, 0
26.6668, 20.6612, 5.02338, 0, 0
26.6702, 20.6612, 5.02338, 0, 0
26.6734, 20.6612, 5.02338, 0, 0
26.6768, 20.6612, 5.02338, 0, 0
26.6801, 20.6612, 5.02338, 0, 0
26.6835, 20.6612, 5.02338, 0, 0
26.6868, 20.6612, 5.02338, 0, 0
26.6901, 20.6612, 5.02338, 0, 0
26.6935, 20.6612, 5.02338, 0, 0
26.6968, 20.6612, 5.02338, 0, 0
26.7001, 20.6612, 5.02338, 0, 0
26.7035, 20.6612, 5.02338, 0, 0
26.7068, 20.6612, 5.02338, 0, 0
26.71, 20.6612, 5.02338, 0, 0
26.7134, 20.6612, 5.02338, 0, 0
26.7168, 20.6612, 5.02338, 0, 0
26.7201, 20.6612, 5.02338, 0, 0
26.7234, 20.6612, 5.02338, 0, 0
26.7268, 20.6612, 5.02338, 0, 0
26.7301, 20.6612, 5.02338, 0, 0
26.7335, 20.6612, 5.02338, 0, 0
26.7368, 20.6612, 5.02338, 0, 0
26.7401, 20.6612, 5.02338, 0, 0
26.7435, 20.6612, 5.02338, 0, 0
26.7468, 20.6612, 5.02338, 0, 0
26.7501, 20.6612, 5.02338, 0, 0
26.7534, 20.6612, 5.02338, 0, 0
26.7568, 20.6612, 5.02338, 0, 0
26.7601, 20.6612, 5.02338, 0, 0
26.7635, 20.6612, 5.02338, 0, 0
26.7668, 20.6612, 5.02338, 0, 0
26.7701, 20.6612, 5.02338, 0, 0
26.7734, 20.6612, 5.02338, 0, 0
26.7768, 20.6612, 5.02338, 0, 0
26.7802, 20.6612, 5.02338, 0, 0
26.7835, 20.6612, 5.02338, 0, 0
26.7868, 20.6612, 5.02338, 0, 0
26.7901, 20.6612, 5.02338, 0, 0
26.7934, 20.6612, 5.02338, 0, 0
26.7968, 20.6612, 5.02338, 0, 0
26.8001, 20.6612, 5.02338, 0, 0
26.8035, 20.6612, 5.02338, 0, 0
26.8068, 20.6612, 5.02338, 0, 0
26.8102, 20.6612, 5.02338, 0, 0
26.8135, 20.6612, 5.02338, 0, 0
26.8168, 20.6612, 5.02338, 0, 0
26.8201, 20.6612, 5.02338, 0, 0
26.8235, 20.6612, 5.02338, 0, 0
26.8268, 20.6612, 5.02338, 0, 0
26.8301, 20.6612, 5.02338, 0, 0
26.8334, 20.6612, 5.02338, 0, 0
26.8368, 20.6612, 5.02338, 0, 0
26.8401, 20.6612, 5.02338, 0, 0
26.8435, 20.6612, 5.02338, 0, 0
26.8468, 20.6612, 5.02338, 0, 0
26.8501, 20.6612, 5.02338, 0, 0
26.8534, 20.6612, 5.02338, 0, 0
26.8568, 20.6612, 5.02338, 0, 0
26.8601, 20.6612, 5.02338, 0, 0
26.8635, 20.6612, 5.02338, 0, 0
26.8668, 20.6612, 5.02338, 0, 0
26.8702, 20.6612, 5.02338, 0, 0
26.8734, 20.6612, 5.02338, 0, 0
26.8768, 20.6612, 5.02338, 0, 0
26.8802, 20.6612, 5.02338, 0, 0
26.8835, 20.6612, 5.02338, 0, 0
26.8868, 20.6612, 5.02338, 0, 0
26.8902, 20.6612, 5.02338, 0, 0
26.8934, 20.6612, 5.02338, 0, 0
26.8968, 20.6612, 5.02338, 0, 0
26.9001, 20.6612, 5.02338, 0, 0
26.9035, 20.6612, 5.02338, 0, 0
26.9068, 20.6612, 5.02338, 0, 0
26.9101, 20.6612, 5.02338, 0, 0
26.9134, 20.6612, 5.02338, 0, 0
26.9168, 20.6612, 5.02338, 0, 0
26.9201, 20.6612, 5.02338, 0, 0
26.9234, 20.6612, 5.02338, 0, 0
26.9268, 20.6612, 5.02338, 0, 0
26.9301, 20.6612, 5.02338, 0, 0
26.9335, 20.6612, 5.02338, 0, 0
26.9368, 20.6612, 5.02338, 0, 0
26.9401, 20.6612, 5.02338, 0, 0
26.9435, 20.6612, 5.02338, 0, 0
26.9468, 20.6612, 5.02338, 0, 0
26.9501, 20.6612, 5.02338, 0, 0
26.9534, 20.6612, 5.02338, 0, 0
26.9568, 20.6612, 5.02338, 0, 0
26.9601, 20.6612, 5.02338, 0, 0
26.9635, 20.6612, 5.02338, 0, 0
26.9668, 20.6612, 5.02338, 0, 0
26.9701, 20.6612, 5.02338, 0, 0
26.9734, 20.6612, 5.02338, 0, 0
26.9768, 20.6612, 5.02338, 0, 0
26.9801, 20.6612, 5.02338, 0, 0
26.9834, 20.6612, 5.02338, 0, 0
26.9867, 20.6612, 5.02338, 0, 0
26.9901, 20.6612, 5.02338, 0, 0
26.9934, 20.6612, 5.02338, 0, 0
26.9968, 20.6612, 5.02338, 0, 0
27.0001, 20.6612, 5.02338, 0, 0
27.0035, 20.6612, 5.02338, 0, 0
27.0068, 20.6612, 5.02338, 0, 0
27.0101, 20.6612, 5.02338, 0, 0
27.0134, 20.6612, 5.02338, 0, 0
27.0168, 20.6612, 5.02338, 0, 0
27.0201, 20.6612, 5.02338, 0, 0
27.0235, 20.6612, 5.02338, 0, 0
27.0268, 20.6612, 5.02338, 0, 0
27.0301, 20.6612, 5.02338, 0, 0
27.0335, 20.6612, 5.02338, 0, 0
27.0368, 20.6612, 5.02338, 0, 0
27.0401, 20.6612, 5.02338, 0, 0
27.0435, 20.6612, 5.02338, 0, 0
27.0468, 20.6612, 5.02338, 0, 0
27.0501, 20.6612, 5.02338, 0, 0
27.0534, 20.6612, 5.02338, 0, 0
27.0568, 20.6612, 5.02338, 0, 0
27.0601, 20.6612, 5.02338, 0, 0
27.0634, 20.6612, 5.02338, 0, 0
27.0668, 20.6612, 5.02338, 0, 0
27.0701, 20.6612, 5.02338, 0, 0
27.0734, 20.6612, 5.02338, 0, 0
27.0768, 20.6612, 5.02338, 0, 0
27.0802, 20.6612, 5.02338, 0, 0
27.0835, 20.6612, 5.02338, 0, 0
27.0868, 20.6612, 5.02338, 0, 0
27.0902, 20.6612, 5.02338, 0, 0
27.0934, 20.6612, 5.02338, 0, 0
27.0968, 20.6612, 5.02338, 0, 0
27.1001, 20.6612, 5.02338, 0, 0
27.1034, 20.6612, 5.02338, 0, 0
27.1068, 20.6612, 5.02338, 0, 0
27.1101, 20.6612, 5.02338, 0, 0
27.1134, 20.6612, 5.02338, 0, 0
27.1168, 20.6612, 5.02338, 0, 0
27.1201, 20.6612, 5.02338, 0, 0
27.1235, 20.6612, 5.02338, 0, 0
27.1268, 20.6612, 5.02338, 0, 0
27.1301, 20.6612, 5.02338, 0, 0
27.1335, 20.6612, 5.02338, 0, 0
27.1368, 20.6612, 5.02338, 0, 0
27.1401, 20.6612, 5.02338, 0, 0
27.1434, 20.6612, 5.02338, 0, 0
27.1468, 20.6612, 5.02338, 0, 0
27.1501, 20.6612, 5.02338, 0, 0
27.1534, 20.6612, 5.02338, 0, 0
27.1568, 20.6612, 5.02338, 0, 0
27.1601, 20.6612, 5.02338, 0, 0
27.1635, 20.6612, 5.02338, 0, 0
27.1668, 20.6612, 5.02338, 0, 0
27.1701, 20.6612, 5.02338, 0, 0
27.1734, 20.6612, 5.02338, 0, 0
27.1768, 20.6612, 5.02338, 0, 0
27.1801, 20.6612, 5.02338, 0, 0
27.1835, 20.6612, 5.02338, 0, 0
27.1868, 20.6612, 5.02338, 0, 0
27.1901, 20.6612, 5.02338, 0, 0
27.1934, 20.6612, 5.02338, 0, 0
27.1968, 20.6612, 5.02338, 0, 0
27.2001, 20.6612, 5.02338, 0, 0
27.2034, 20.6612, 5.02338, 0, 0
27.2068, 20.6612, 5.02338, 0, 0
27.2102, 20.6612, 5.02338, 0, 0
27.2134, 20.6612, 5.02338, 0, 0
27.2168, 20.6612, 5.02338, 0, 0
27.2201, 20.6612, 5.02338, 0, 0
27.2234, 20.6612, 5.02338, 0, 0
27.2268, 20.6612, 5.02338, 0, 0
27.2301, 20.6612, 5.02338, 0, 0
27.2334, 20.6612, 5.02338, 0, 0
27.2368, 20.6612, 5.02338, 0, 0
27.2401, 20.6612, 5.02338, 0, 0
27.2435, 20.6612, 5.02338, 0, 0
27.2467, 20.6612, 5.02338, 0, 0
27.2501, 20.6612, 5.02338, 0, 0
27.2534, 20.6612, 5.02338, 0, 0
27.2568, 20.6612, 5.02338, 0, 0
27.2601, 20.6612, 5.02338, 0, 0
27.2634, 20.6612, 5.02338, 0, 0
27.2668, 20.6612, 5.02338, 0, 0
27.2701, 20.6612, 5.02338, 0, 0
27.2734, 20.6612, 5.02338, 0, 0
27.2768, 20.6612, 5.02338, 0, 0
27.2801, 20.6612, 5.02338, 0, 0
27.2834, 20.6612, 5.02338, 0, 0
27.2868, 20.6612, 5.02338, 0, 0
27.2901, 20.6612, 5.02338, 0, 0
27.2934, 20.6612, 5.02338, 0, 0
27.2968, 20.6612, 5.02338, 0, 0
27.3001, 20.6612, 5.02338, 0, 0
27.3035, 20.6612, 5.02338, 0, 0
27.3068, 20.6612, 5.02338, 0, 0
27.3102, 20.6612, 5.02338, 0, 0
27.3134, 20.6612, 5.02338, 0, 0
27.3167, 20.6612, 5.02338, 0, 0
27.3201, 20.6612, 5.02338, 0, 0
27.3235, 20.6612, 5.02338, 0, 0
27.3268, 20.6612, 5.02338, 0, 0
27.3301, 20.6612, 5.02338, 0, 0
27.3335, 20.6612, 5.02338, 0, 0
27.3368, 20.6612, 5.02338, 0, 0
27.3401, 20.6612, 5.02338, 0, 0
27.3435, 20.6612, 5.02338, 0, 0
27.3468, 20.6612, 5.02338, 0, 0
27.3501, 20.6612, 5.02338, 0, 0
27.3534, 20.6612, 5.02338, 0, 0
27.3568, 20.6612, 5.02338, 0, 0
27.3601, 20.6612, 5.02338, 0, 0
27.3634, 20.6612, 5.02338, 0, 0
27.3668, 20.6612, 5.02338, 0, 0
27.3701, 20.6612, 5.02338, 0, 0
27.3734, 20.6612, 5.02338, 0, 0
27.3768, 20.6612, 5.02338, 0, 0
27.3801, 20.6612, 5.02338, 0, 0
27.3835, 20.6612, 5.02338, 0, 0
27.3868, 20.6612, 5.02338, 0, 0
27.3901, 20.6612, 5.02338, 0, 0
27.3934, 20.6612, 5.02338, 0, 0
27.3968, 20.6612, 5.02338, 0, 0
27.4001, 20.6612, 5.02338, 0, 0
27.4034, 20.6612, 5.02338, 0, 0
27.4068, 20.6612, 5.02338, 0, 0
27.4101, 20.6612, 5.02338, 0, 0
27.4134, 20.6612, 5.02338, 0, 0
27.4168, 20.6612, 5.02338, 0, 0
27.4201, 20.6612, 5.02338, 0, 0
27.4235, 20.6612, 5.02338, 0, 0
27.4268, 20.6612, 5.02338, 0, 0
27.4301, 20.6612, 5.02338, 0, 0
27.4334, 20.6612, 5.02338, 0, 0
27.4368, 20.6612, 5.02338, 0, 0
27.4401, 20.6612, 5.02338, 0, 0
27.4435, 20.6612, 5.02338, 0, 0
27.4468, 20.6612, 5.02338, 0, 0
27.4501, 20.6612, 5.02338, 0, 0
27.4535, 20.6612, 5.02338, 0, 0
27.4568, 20.6612, 5.02338, 0, 0
27.4601, 20.6612, 5.02338, 0, 0
27.4634, 20.6612, 5.02338, 0, 0
27.4668, 20.6612, 5.02338, 0, 0
27.4702, 20.6612, 5.02338, 0, 0
27.4734, 20.6612, 5.02338, 0, 0
27.4768, 20.6612, 5.02338, 0, 0
27.4801, 20.6612, 5.02338, 0, 0
27.4835, 20.6612, 5.02338, 0, 0
27.4868, 20.6612, 5.02338, 0, 0
27.4901, 20.6612, 5.02338, 0, 0
27.4935, 20.6612, 5.02338, 0, 0
27.4968, 20.6612, 5.02338, 0, 0
27.5002, 20.6612, 5.02338, 0, 0
27.5035, 20.6612, 5.02338, 0, 0
27.5068, 20.6612, 5.02338, 0, 0
27.5101, 20.6612, 5.02338, 0, 0
27.5134, 20.6612, 5.02338, 0, 0
27.5168, 20.6612, 5.02338, 0, 0
27.5201, 20.6612, 5.02338, 0, 0
27.5235, 20.6612, 5.02338, 0, 0
27.5268, 20.6612, 5.02338, 0, 0
27.5301, 20.6612, 5.02338, 0, 0
27.5334, 20.6612, 5.02338, 0, 0
27.5368, 20.6612, 5.02338, 0, 0
27.5401, 20.6612, 5.02338, 0, 0
27.5434, 20.6612, 5.02338, 0, 0
27.5468, 20.6612, 5.02338, 0, 0
27.5501, 20.6612, 5.02338, 0, 0
27.5534, 20.6612, 5.02338, 0, 0
27.5568, 20.6612, 5.02338, 0, 0
27.5601, 20.6612, 5.02338, 0, 0
27.5634, 20.6612, 5.02338, 0, 0
27.5668, 20.6612, 5.02338, 0, 0
27.5701, 20.6612, 5.02338, 0, 0
27.5734, 20.6612, 5.02338, 0, 0
27.5768, 20.6612, 5.02338, 0, 0
27.5801, 20.6612, 5.02338, 0, 0
27.5835, 20.6612, 5.02338, 0, 0
27.5868, 20.6612, 5.02338, 0, 0
27.5901, 20.6612, 5.02338, 0, 0
27.5935, 20.6612, 5.02338, 0, 0
27.5968, 20.6612, 5.02338, 0, 0
27.6001, 20.6612, 5.02338, 0, 0
27.6035, 20.6612, 5.02338, 0, 0
27.6068, 20.6612, 5.02338, 0, 0
27.6101, 20.6612, 5.02338, 0, 0
27.6134, 20.6612, 5.02338, 0, 0
27.6168, 20.6612, 5.02338, 0, 0
27.6201, 20.6612, 5.02338, 0, 0
27.6235, 20.6612, 5.02338, 0, 0
27.6268, 20.6612, 5.02338, 0, 0
27.6301, 20.6612, 5.02338, 0, 0
27.6334, 20.6612, 5.02338, 0, 0
27.6368, 20.6612, 5.02338, 0, 0
27.6402, 20.6612, 5.02338, 0, 0
27.6435, 20.6612, 5.02338, 0, 0
27.6468, 20.6612, 5.02338, 0, 0
27.6501, 20.6612, 5.02338, 0, 0
27.6534, 20.6612, 5.02338, 0, 0
27.6568, 20.6612, 5.02338, 0, 0
27.6601, 20.6612, 5.02338, 0, 0
27.6635, 20.6612, 5.02338, 0, 0
27.6668, 20.6612, 5.02338, 0, 0
27.6701, 20.6612, 5.02338, 0, 0
27.6734, 20.6612, 5.02338, 0, 0
27.6768, 20.6612, 5.02338, 0, 0
27.6802, 20.6612, 5.02338, 0, 0
27.6834, 20.6612, 5.02338, 0, 0
27.6868, 20.6612, 5.02338, 0, 0
27.6901, 20.6612, 5.02338, 0, 0
27.6935, 20.6612, 5.02338, 0, 0
27.6968, 20.6612, 5.02338, 0, 0
27.7001, 20.6612, 5.02338, 0, 0
27.7035, 20.6612, 5.02338, 0, 0
27.7068, 20.6612, 5.02338, 0, 0
27.7101, 20.6612, 5.02338, 0, 0
27.7134, 20.6612, 5.02338, 0, 0
27.7168, 20.6612, 5.02338, 0, 0
27.7202, 20.6612, 5.02338, 0, 0
27.7234, 20.6612, 5.02338, 0, 0
27.7268, 20.6612, 5.02338, 0, 0
27.7302, 20.6612, 5.02338, 0, 0
27.7334, 20.6612, 5.02338, 0, 0
27.7368, 20.6612, 5.02338, 0, 0
27.7402, 20.6612, 5.02338, 0, 0
27.7435, 20.6612, 5.02338, 0, 0
27.7468, 20.6612, 5.02338, 0, 0
27.7502, 20.6612, 5.02338, 0, 0
27.7534, 20.6612, 5.02338, 0, 0
27.7568, 20.6612, 5.02338, 0, 0
27.7601, 20.6612, 5.02338, 0, 0
27.7635, 20.6612, 5.02338, 0, 0
27.7668, 20.6612, 5.02338, 0, 0
27.7701, 20.6612, 5.02338, 0, 0
27.7734, 20.6612, 5.02338, 0, 0
27.7768, 20.6612, 5.02338, 0, 0
27.7801, 20.6612, 5.02338, 0, 0
27.7835, 20.6612, 5.02338, 0, 0
27.7868, 20.6612, 5.02338, 0, 0
27.7901, 20.6612, 5.02338, 0, 0
27.7935, 20.6612, 5.02338, 0, 0
27.7968, 20.6612, 5.02338, 0, 0
27.8001, 20.6612, 5.02338, 0, 0
27.8035, 20.6612, 5.02338, 0, 0
27.8067, 20.6612, 5.02338, 0, 0
27.8101, 20.6612, 5.02338, 0, 0
27.8134, 20.6612, 5.02338, 0, 0
27.8168, 20.6612, 5.02338, 0, 0
27.8201, 20.6612, 5.02338, 0, 0
27.8234, 20.6612, 5.02338, 0, 0
27.8268, 20.6612, 5.02338, 0, 0
27.8302, 20.6612, 5.02338, 0, 0
27.8334, 20.6612, 5.02338, 0, 0
27.8368, 20.6612, 5.02338, 0, 0
27.8402, 20.6612, 5.02338, 0, 0
27.8435, 20.6612, 5.02338, 0, 0
27.8468, 20.6612, 5.02338, 0, 0
27.8502, 20.6612, 5.02338, 0, 0
27.8534, 20.6612, 5.02338, 0, 0
27.8568, 20.6612, 5.02338, 0, 0
27.8602, 20.6612, 5.02338, 0, 0
27.8634, 20.6612, 5.02338, 0, 0
27.8668, 20.6612, 5.02338, 0, 0
27.8701, 20.6612, 5.02338, 0, 0
27.8734, 20.6612, 5.02338, 0, 0
27.8768, 20.6612, 5.02338, 0, 0
27.8801, 20.6612, 5.02338, 0, 0
27.8835, 20.6612, 5.02338, 0, 0
27.8868, 20.6612, 5.02338, 0, 0
27.8901, 20.6612, 5.02338, 0, 0
27.8935, 20.6612, 5.02338, 0, 0
27.8968, 20.6612, 5.02338, 0, 0
27.9001, 20.6612, 5.02338, 0, 0
27.9034, 20.6612, 5.02338, 0, 0
27.9068, 20.6612, 5.02338, 0, 0
27.9101, 20.6612, 5.02338, 0, 0
27.9134, 20.6612, 5.02338, 0, 0
27.9168, 20.6612, 5.02338, 0, 0
27.9201, 20.6612, 5.02338, 0, 0
27.9235, 20.6612, 5.02338, 0, 0
27.9268, 20.6612, 5.02338, 0, 0
27.9301, 20.6612, 5.02338, 0, 0
27.9334, 20.6612, 5.02338, 0, 0
27.9368, 20.6612, 5.02338, 0, 0
27.9402, 20.6612, 5.02338, 0, 0
27.9434, 20.6612, 5.02338, 0, 0
27.9468, 20.6612, 5.02338, 0, 0
27.9501, 20.6612, 5.02338, 0, 0
27.9535, 20.6612, 5.02338, 0, 0
27.9568, 20.6612, 5.02338, 0, 0
27.9602, 20.6612, 5.02338, 0, 0
27.9634, 20.6612, 5.02338, 0, 0
27.9668, 20.6612, 5.02338, 0, 0
27.9701, 20.6612, 5.02338, 0, 0
27.9734, 20.6612, 5.02338, 0, 0
27.9768, 20.6612, 5.02338, 0, 0
27.9801, 20.6612, 5.02338, 0, 0
27.9835, 20.6612, 5.02338, 0, 0
27.9868, 20.6612, 5.02338, 0, 0
27.9901, 20.6612, 5.02338, 0, 0
27.9934, 20.6612, 5.02338, 0, 0
27.9967, 20.6612, 5.02338, 0, 0
28.0001, 20.6612, 5.02338, 0, 0
28.0034, 20.6612, 5.02338, 0, 0
28.0068, 20.6612, 5.02338, 0, 0
28.0101, 20.6612, 5.02338, 0, 0
28.0134, 20.6612, 5.02338, 0, 0
28.0168, 20.6612, 5.02338, 0, 0
28.0201, 20.6612, 5.02338, 0, 0
28.0234, 20.6612, 5.02338, 0, 0
28.0268, 20.6612, 5.02338, 0, 0
28.0301, 20.6612, 5.02338, 0, 0
28.0334, 20.6612, 5.02338, 0, 0
28.0368, 20.6612, 5.02338, 0, 0
28.0401, 20.6612, 5.02338, 0, 0
28.0434, 20.6612, 5.02338, 0, 0
28.0468, 20.6612, 5.02338, 0, 0
28.0502, 20.6612, 5.02338, 0, 0
28.0534, 20.6612, 5.02338, 0, 0
28.0568, 20.6612, 5.02338, 0, 0
28.0601, 20.6612, 5.02338, 0, 0
28.0634, 20.6612, 5.02338, 0, 0
28.0668, 20.6612, 5.02338, 0, 0
28.0701, 20.6612, 5.02338, 0, 0
28.0735, 20.6612, 5.02338, 0, 0
28.0768, 20.6612, 5.02338, 0, 0
28.0801, 20.6612, 5.02338, 0, 0
28.0835, 20.6612, 5.02338, 0, 0
28.0867, 20.6612, 5.02338, 0, 0
28.0901, 20.6612, 5.02338, 0, 0
28.0935, 20.6612, 5.02338, 0, 0
28.0968, 20.6612, 5.02338, 0, 0
28.1001, 20.6612, 5.02338, 0, 0
28.1035, 20.6612, 5.02338, 0, 0
28.1068, 20.6612, 5.02338, 0, 0
28.1101, 20.6612, 5.02338, 0, 0
28.1134, 20.6612, 5.02338, 0, 0
28.1168, 20.6612, 5.02338, 0, 0
28.1201, 20.6612, 5.02338, 0, 0
28.1235, 20.6612, 5.02338, 0, 0
28.1268, 20.6612, 5.02338, 0, 0
28.1302, 20.6612, 5.02338, 0, 0
28.1334, 20.6612, 5.02338, 0, 0
28.1368, 20.6612, 5.02338, 0, 0
28.1401, 20.6612, 5.02338, 0, 0
28.1434, 20.6612, 5.02338, 0, 0
28.1468, 20.6612, 5.02338, 0, 0
28.1502, 20.6612, 5.02338, 0, 0
28.1534, 20.6612, 5.02338, 0, 0
28.1568, 20.6612, 5.02338, 0, 0
28.1602, 20.6612, 5.02338, 0, 0
28.1635, 20.6612, 5.02338, 0, 0
28.1668, 20.6612, 5.02338, 0, 0
28.1702, 20.6612, 5.02338, 0, 0
28.1734, 20.6612, 5.02338, 0, 0
28.1768, 20.6612, 5.02338, 0, 0
28.1801, 20.6612, 5.02338, 0, 0
28.1834, 20.6612, 5.02338, 0, 0
28.1868, 20.6612, 5.02338, 0, 0
28.1901, 20.6612, 5.02338, 0, 0
28.1935, 20.6612, 5.02338, 0, 0
28.1968, 20.6612, 5.02338, 0, 0
28.2001, 20.6612, 5.02338, 0, 0
28.2035, 20.6612, 5.02338, 0, 0
28.2068, 20.6612, 5.02338, 0, 0
28.2101, 20.6612, 5.02338, 0, 0
28.2134, 20.6612, 5.02338, 0, 0
28.2168, 20.6612, 5.02338, 0, 0
28.2201, 20.6612, 5.02338, 0, 0
28.2235, 20.6612, 5.02338, 0, 0
28.2268, 20.6612, 5.02338, 0, 0
28.2301, 20.6612, 5.02338, 0, 0
28.2334, 20.6612, 5.02338, 0, 0
28.2368, 20.6612, 5.02338, 0, 0
28.2401, 20.6612, 5.02338, 0, 0
28.2435, 20.6612, 5.02338, 0, 0
28.2468, 20.6612, 5.02338, 0, 0
28.2501, 20.6612, 5.02338, 0, 0
28.2534, 20.6612, 5.02338, 0, 0
28.2568, 20.6612, 5.02338, 0, 0
28.2601, 20.6612, 5.02338, 0, 0
28.2634, 20.6612, 5.02338, 0, 0
28.2668, 20.6612, 5.02338, 0, 0
28.2702, 20.6612, 5.02338, 0, 0
28.2734, 20.6612, 5.02338, 0, 0
28.2768, 20.6612, 5.02338, 0, 0
28.2801, 20.6612, 5.02338, 0, 0
28.2834, 20.6612, 5.02338, 0, 0
28.2868, 20.6612, 5.02338, 0, 0
28.2901, 20.6612, 5.02338, 0, 0
28.2935, 20.6612, 5.02338, 0, 0
28.2968, 20.6612, 5.02338, 0, 0
28.3001, 20.6612, 5.02338, 0, 0
28.3034, 20.6612, 5.02338, 0, 0
28.3068, 20.6612, 5.02338, 0, 0
28.3101, 20.6612, 5.02338, 0, 0
28.3134, 20.6612, 5.02338, 0, 0
28.3168, 20.6612, 5.02338, 0, 0
28.3201, 20.6612, 5.02338, 0, 0
28.3235, 20.6612, 5.02338, 0, 0
28.3268, 20.6612, 5.02338, 0, 0
28.3301, 20.6612, 5.02338, 0, 0
28.3334, 20.6612, 5.02338, 0, 0
28.3368, 20.6612, 5.02338, 0, 0
28.3401, 20.6612, 5.02338, 0, 0
28.3434, 20.6612, 5.02338, 0, 0
28.3468, 20.6612, 5.02338, 0, 0
28.3501, 20.6612, 5.02338, 0, 0
28.3534, 20.6612, 5.02338, 0, 0
28.3568, 20.6612, 5.02338, 0, 0
28.3601, 20.6612, 5.02338, 0, 0
28.3635, 20.6612, 5.02338, 0, 0
28.3667, 20.6612, 5.02338, 0, 0
28.3701, 20.6612, 5.02338, 0, 0
28.3734, 20.6612, 5.02338, 0, 0
28.3768, 20.6612, 5.02338, 0, 0
28.3801, 20.6612, 5.02338, 0, 0
28.3834, 20.6612, 5.02338, 0, 0
28.3868, 20.6612, 5.02338, 0, 0
28.3901, 20.6612, 5.02338, 0, 0
28.3934, 20.6612, 5.02338, 0, 0
28.3968, 20.6612, 5.02338, 0, 0
28.4001, 20.6612, 5.02338, 0, 0
28.4034, 20.6612, 5.02338, 0, 0
28.4068, 20.6612, 5.02338, 0, 0
28.4101, 20.6612, 5.02338, 0, 0
28.4134, 20.6612, 5.02338, 0, 0
28.4168, 20.6612, 5.02338, 0, 0
28.4201, 20.6612, 5.02338, 0, 0
28.4234, 20.6612, 5.02338, 0, 0
28.4267, 20.6612, 5.02338, 0, 0
28.4301, 20.6612, 5.02338, 0, 0
28.4334, 20.6612, 5.02338, 0, 0
28.4368, 20.6612, 5.02338, 0, 0
28.4401, 20.6612, 5.02338, 0, 0
28.4435, 20.6612, 5.02338, 0, 0
28.4468, 20.6612, 5.02338, 0, 0
28.4501, 20.6612, 5.02338, 0, 0
28.4535, 20.6612, 5.02338, 0, 0
28.4568, 20.6612, 5.02338, 0, 0
28.4601, 20.6612, 5.02338, 0, 0
28.4634, 20.6612, 5.02338, 0, 0
28.4668, 20.6612, 5.02338, 0, 0
28.4702, 20.6612, 5.02338, 0, 0
28.4735, 20.6612, 5.02338, 0, 0
28.4768, 20.6612, 5.02338, 0, 0
28.4801, 20.6612, 5.02338, 0, 0
28.4835, 20.6612, 5.02338, 0, 0
28.4868, 20.6612, 5.02338, 0, 0
28.4901, 20.6612, 5.02338, 0, 0
28.4935, 20.6612, 5.02338, 0, 0
28.4968, 20.6612, 5.02338, 0, 0
28.5002, 20.6612, 5.02338, 0, 0
28.5034, 20.6612, 5.02338, 0, 0
28.5068, 20.6612, 5.02338, 0, 0
28.5102, 20.6612, 5.02338, 0, 0
28.5135, 20.6612, 5.02338, 0, 0
28.5168, 20.6612, 5.02338, 0, 0
28.5201, 20.6612, 5.02338, 0, 0
28.5234, 20.6612, 5.02338, 0, 0
28.5268, 20.6612, 5.02338, 0, 0
28.5301, 20.6612, 5.02338, 0, 0
28.5335, 20.6612, 5.02338, 0, 0
28.5368, 20.6612, 5.02338, 0, 0
28.5401, 20.6612, 5.02338, 0, 0
28.5434, 20.6612, 5.02338, 0, 0
28.5468, 20.6612, 5.02338, 0, 0
28.5501, 20.6612, 5.02338, 0, 0
28.5534, 20.6612, 5.02338, 0, 0
28.5568, 20.6612, 5.02338, 0, 0
28.5601, 20.6612, 5.02338, 0, 0
28.5634, 20.6612, 5.02338, 0, 0
28.5668, 20.6612, 5.02338, 0, 0
28.5701, 20.6612, 5.02338, 0, 0
28.5735, 20.6612, 5.02338, 0, 0
28.5768, 20.6612, 5.02338, 0, 0
28.5801, 20.6612, 5.02338, 0, 0
28.5834, 20.6612, 5.02338, 0, 0
28.5868, 20.6612, 5.02338, 0, 0
28.5901, 20.6612, 5.02338, 0, 0
28.5935, 20.6612, 5.02338, 0, 0
28.5968, 20.6612, 5.02338, 0, 0
28.6002, 20.6612, 5.02338, 0, 0
28.6034, 20.6612, 5.02338, 0, 0
28.6068, 20.6612, 5.02338, 0, 0
28.6101, 20.6612, 5.02338, 0, 0
28.6134, 20.6612, 5.02338, 0, 0
28.6168, 20.6612, 5.02338, 0, 0
28.6201, 20.6612, 5.02338, 0, 0
28.6234, 20.6612, 5.02338, 0, 0
28.6268, 20.6612, 5.02338, 0, 0
28.6301, 20.6612, 5.02338, 0, 0
28.6334, 20.6612, 5.02338, 0, 0
28.6368, 20.6612, 5.02338, 0, 0
28.6401, 20.6612, 5.02338, 0, 0
28.6434, 20.6612, 5.02338, 0, 0
28.6468, 20.6612, 5.02338, 0, 0
28.6501, 20.6612, 5.02338, 0, 0
28.6534, 20.6612, 5.02338, 0, 0
28.6568, 20.6612, 5.02338, 0, 0
28.6601, 20.6612, 5.02338, 0, 0
28.6635, 20.6612, 5.02338, 0, 0
28.6668, 20.6612, 5.02338, 0, 0
28.6701, 20.6612, 5.02338, 0, 0
28.6735, 20.6612, 5.02338, 0, 0
28.6768, 20.6612, 5.02338, 0, 0
28.6801, 20.6612, 5.02338, 0, 0
28.6835, 20.6612, 5.02338, 0, 0
28.6868, 20.6612, 5.02338, 0, 0
28.6901, 20.6612, 5.02338, 0, 0
28.6935, 20.6612, 5.02338, 0, 0
28.6968, 20.6612, 5.02338, 0, 0
28.7002, 20.6612, 5.02338, 0, 0
28.7034, 20.6612, 5.02338, 0, 0
28.7068, 20.6612, 5.02338, 0, 0
28.7101, 20.6612, 5.02338, 0, 0
28.7134, 20.6612, 5.02338, 0, 0
28.7168, 20.6612, 5.02338, 0, 0
28.7201, 20.6612, 5.02338, 0, 0
28.7235, 20.6612, 5.02338, 0, 0
28.7268, 20.6612, 5.02338, 0, 0
28.7301, 20.6612, 5.02338, 0, 0
28.7335, 20.6612, 5.02338, 0, 0
28.7368, 20.6612, 5.02338, 0, 0
28.7401, 20.6612, 5.02338, 0, 0
28.7434, 20.6612, 5.02338, 0, 0
28.7468, 20.6612, 5.02338, 0, 0
28.7501, 20.6612, 5.02338, 0, 0
28.7534, 20.6612, 5.02338, 0, 0
28.7568, 20.6612, 5.02338, 0, 0
28.7601, 20.6612, 5.02338, 0, 0
28.7635, 20.6612, 5.02338, 0, 0
28.7668, 20.6612, 5.02338, 0, 0
28.7701, 20.6612, 5.02338, 0, 0
28.7735, 20.6612, 5.02338, 0, 0
28.7768, 20.6612, 5.02338, 0, 0
28.7801, 20.6612, 5.02338, 0, 0
28.7835, 20.6612, 5.02338, 0, 0
28.7868, 20.6612, 5.02338, 0, 0
28.7901, 20.6612, 5.02338, 0, 0
28.7935, 20.6612, 5.02338, 0, 0
28.7968, 20.6612, 5.02338, 0, 0
28.8001, 20.6612, 5.02338, 0, 0
28.8034, 20.6612, 5.02338, 0, 0
28.8068, 20.6612, 5.02338, 0, 0
28.8101, 20.6612, 5.02338, 0, 0
28.8134, 20.6612, 5.02338, 0, 0
28.8168, 20.6612, 5.02338, 0, 0
28.8202, 20.6612, 5.02338, 0, 0
28.8235, 20.6612, 5.02338, 0, 0
28.8268, 20.6612, 5.02338, 0, 0
28.8301, 20.6612, 5.02338, 0, 0
28.8334, 20.6612, 5.02338, 0, 0
28.8368, 20.6612, 5.02338, 0, 0
28.8401, 20.6612, 5.02338, 0, 0
28.8434, 20.6612, 5.02338, 0, 0
28.8468, 20.6612, 5.02338, 0, 0
28.8501, 20.6612, 5.02338, 0, 0
28.8534, 20.6612, 5.02338, 0, 0
28.8568, 20.6612, 5.02338, 0, 0
28.8601, 20.6612, 5.02338, 0, 0
28.8635, 20.6612, 5.02338, 0, 0
28.8668, 20.6612, 5.02338, 0, 0
28.8701, 20.6612, 5.02338, 0, 0
28.8735, 20.6612, 5.02338, 0, 0
28.8768, 20.6612, 5.02338, 0, 0
28.8801, 20.6612, 5.02338, 0, 0
28.8835, 20.6612, 5.02338, 0, 0
28.8868, 20.6612, 5.02338, 0, 0
28.8902, 20.6612, 5.02338, 0, 0
28.8935, 20.6612, 5.02338, 0, 0
28.8968, 20.6612, 5.02338, 0, 0
28.9001, 20.6612, 5.02338, 0, 0
28.9034, 20.6612, 5.02338, 0, 0
28.9068, 20.6612, 5.02338, 0, 0
28.9102, 20.6612, 5.02338, 0, 0
28.9134, 20.6612, 5.02338, 0, 0
28.9167, 20.6612, 5.02338, 0, 0
28.9202, 20.6612, 5.02338, 0, 0
28.9235, 20.6612, 5.02338, 0, 0
28.9268, 20.6612, 5.02338, 0, 0
28.9301, 20.6612, 5.02338, 0, 0
28.9335, 20.6612, 5.02338, 0, 0
28.9368, 20.6612, 5.02338, 0, 0
28.9402, 20.6612, 5.02338, 0, 0
28.9435, 20.6612, 5.02338, 0, 0
28.9468, 20.6612, 5.02338, 0, 0
28.9502, 20.6612, 5.02338, 0, 0
28.9535, 20.6612, 5.02338, 0, 0
28.9568, 20.6612, 5.02338, 0, 0
28.9601, 20.6612, 5.02338, 0, 0
28.9635, 20.6612, 5.02338, 0, 0
28.9668, 20.6612, 5.02338, 0, 0
28.9701, 20.6612, 5.02338, 0, 0
28.9734, 20.6612, 5.02338, 0, 0
28.9768, 20.6612, 5.02338, 0, 0
28.9801, 20.6612, 5.02338, 0, 0
28.9834, 20.6612, 5.02338, 0, 0
28.9868, 20.6612, 5.02338, 0, 0
28.9901, 20.6612, 5.02338, 0, 0
28.9934, 20.6612, 5.02338, 0, 0
28.9968, 20.6612, 5.02338, 0, 0
29.0001, 20.6612, 5.02338, 0, 0
29.0035, 20.6612, 5.02338, 0, 0
29.0068, 20.6612, 5.02338, 0, 0
29.0102, 20.6612, 5.02338, 0, 0
29.0134, 20.6612, 5.02338, 0, 0
29.0168, 20.6612, 5.02338, 0, 0
29.0201, 20.6612, 5.02338, 0, 0
29.0234, 20.6612, 5.02338, 0, 0
29.0268, 20.6612, 5.02338, 0, 0
29.0301, 20.6612, 5.02338, 0, 0
29.0335, 20.6612, 5.02338, 0, 0
29.0368, 20.6612, 5.02338, 0, 0
29.0401, 20.6612, 5.02338, 0, 0
29.0434, 20.6612, 5.02338, 0, 0
29.0468, 20.6612, 5.02338, 0, 0
29.0501, 20.6612, 5.02338, 0, 0
29.0534, 20.6612, 5.02338, 0, 0
29.0568, 20.6612, 5.02338, 0, 0
29.0601, 20.6612, 5.02338, 0, 0
29.0635, 20.6612, 5.02338, 0, 0
29.0668, 20.6612, 5.02338, 0, 0
29.0701, 20.6612, 5.02338, 0, 0
29.0735, 20.6612, 5.02338, 0, 0
29.0768, 20.6612, 5.02338, 0, 0
29.0801, 20.6612, 5.02338, 0, 0
29.0834, 20.6612, 5.02338, 0, 0
29.0868, 20.6612, 5.02338, 0, 0
29.0901, 20.6612, 5.02338, 0, 0
29.0934, 20.6612, 5.02338, 0, 0
29.0968, 20.6612, 5.02338, 0, 0
29.1001, 20.6612, 5.02338, 0, 0
29.1034, 20.6612, 5.02338, 0, 0
29.1068, 20.6612, 5.02338, 0, 0
29.1101, 20.6612, 5.02338, 0, 0
29.1134, 20.6612, 5.02338, 0, 0
29.1167, 20.6612, 5.02338, 0, 0
29.1201, 20.6612, 5.02338, 0, 0
29.1234, 20.6612, 5.02338, 0, 0
29.1268, 20.6612, 5.02338, 0, 0
29.1301, 20.6612, 5.02338, 0, 0
29.1334, 20.6612, 5.02338, 0, 0
29.1368, 20.6612, 5.02338, 0, 0
29.1401, 20.6612, 5.02338, 0, 0
29.1434, 20.6612, 5.02338, 0, 0
29.1468, 20.6612, 5.02338, 0, 0
29.1501, 20.6612, 5.02338, 0, 0
29.1534, 20.6612, 5.02338, 0, 0
29.1568, 20.6612, 5.02338, 0, 0
29.1601, 20.6612, 5.02338, 0, 0
29.1634, 20.6612, 5.02338, 0, 0
29.1667, 20.6612, 5.02338, 0, 0
29.1701, 20.6612, 5.02338, 0, 0
29.1734, 20.6612, 5.02338, 0, 0
29.1768, 20.6612, 5.02338, 0, 0
29.1801, 20.6612, 5.02338, 0, 0
29.1834, 20.6612, 5.02338, 0, 0
29.1868, 20.6612, 5.02338, 0, 0
29.1901, 20.6612, 5.02338, 0, 0
29.1934, 20.6612, 5.02338, 0, 0
29.1967, 20.6612, 5.02338, 0, 0
29.2001, 20.6612, 5.02338, 0, 0
29.2035, 20.6612, 5.02338, 0, 0
29.2068, 20.6612, 5.02338, 0, 0
29.2101, 20.6612, 5.02338, 0, 0
29.2134, 20.6612, 5.02338, 0, 0
29.2168, 20.6612, 5.02338, 0, 0
29.2201, 20.6612, 5.02338, 0, 0
29.2234, 20.6612, 5.02338, 0, 0
29.2268, 20.6612, 5.02338, 0, 0
29.2302, 20.6612, 5.02338, 0, 0
29.2334, 20.6612, 5.02338, 0, 0
29.2368, 20.6612, 5.02338, 0, 0
29.2401, 20.6612, 5.02338, 0, 0
29.2434, 20.6612, 5.02338, 0, 0
29.2468, 20.6612, 5.02338, 0, 0
29.2501, 20.6612, 5.02338, 0, 0
29.2534, 20.6612, 5.02338, 0, 0
29.2568, 20.6612, 5.02338, 0, 0
29.2601, 20.6612, 5.02338, 0, 0
29.2634, 20.6612, 5.02338, 0, 0
29.2667, 20.6612, 5.02338, 0, 0
29.2701, 20.6612, 5.02338, 0, 0
29.2735, 20.6612, 5.02338, 0, 0
29.2768, 20.6612, 5.02338, 0, 0
29.2801, 20.6612, 5.02338, 0, 0
29.2834, 20.6612, 5.02338, 0, 0
29.2868, 20.6612, 5.02338, 0, 0
29.2901, 20.6612, 5.02338, 0, 0
29.2934, 20.6612, 5.02338, 0, 0
29.2968, 20.6612, 5.02338, 0, 0
29.3001, 20.6612, 5.02338, 0, 0
29.3035, 20.6612, 5.02338, 0, 0
29.3068, 20.6612, 5.02338, 0, 0
29.3101, 20.6612, 5.02338, 0, 0
29.3135, 20.6612, 5.02338, 0, 0
29.3168, 20.6612, 5.02338, 0, 0
29.3201, 20.6612, 5.02338, 0, 0
29.3235, 20.6612, 5.02338, 0, 0
29.3268, 20.6612, 5.02338, 0, 0
29.3302, 20.6612, 5.02338, 0, 0
29.3335, 20.6612, 5.02338, 0, 0
29.3367, 20.6612, 5.02338, 0, 0
29.3402, 20.6612, 5.02338, 0, 0
29.3435, 20.6612, 5.02338, 0, 0
29.3468, 20.6612, 5.02338, 0, 0
29.3501, 20.6612, 5.02338, 0, 0
29.3535, 20.6612, 5.02338, 0, 0
29.3568, 20.6612, 5.02338, 0, 0
29.3602, 20.6612, 5.02338, 0, 0
29.3634, 20.6612, 5.02338, 0, 0
29.3668, 20.6612, 5.02338, 0, 0
29.3701, 20.6612, 5.02338, 0, 0
29.3735, 20.6612, 5.02338, 0, 0
29.3768, 20.6612, 5.02338, 0, 0
29.3801, 20.6612, 5.02338, 0, 0
29.3835, 20.6612, 5.02338, 0, 0
29.3868, 20.6612, 5.02338, 0, 0
29.3901, 20.6612, 5.02338, 0, 0
29.3935, 20.6612, 5.02338, 0, 0
29.3968, 20.6612, 5.02338, 0, 0
29.4001, 20.6612, 5.02338, 0, 0
29.4035, 20.6612, 5.02338, 0, 0
29.4068, 20.6612, 5.02338, 0, 0
29.4102, 20.6612, 5.02338, 0, 0
29.4134, 20.6612, 5.02338, 0, 0
29.4168, 20.6612, 5.02338, 0, 0
29.4201, 20.6612, 5.02338, 0, 0
29.4235, 20.6612, 5.02338, 0, 0
29.4268, 20.6612, 5.02338, 0, 0
29.4301, 20.6612, 5.02338, 0, 0
29.4335, 20.6612, 5.02338, 0, 0
29.4368, 20.6612, 5.02338, 0, 0
29.4402, 20.6612, 5.02338, 0, 0
29.4435, 20.6612, 5.02338, 0, 0
29.4468, 20.6612, 5.02338, 0, 0
29.4501, 20.6612, 5.02338, 0, 0
29.4534, 20.6612, 5.02338, 0, 0
29.4568, 20.6612, 5.02338, 0, 0
29.4602, 20.6612, 5.02338, 0, 0
29.4634, 20.6612, 5.02338, 0, 0
29.4668, 20.6612, 5.02338, 0, 0
29.4701, 20.6612, 5.02338, 0, 0
29.4735, 20.6612, 5.02338, 0, 0
29.4768, 20.6612, 5.02338, 0, 0
29.4801, 20.6612, 5.02338, 0, 0
29.4835, 20.6612, 5.02338, 0, 0
29.4868, 20.6612, 5.02338, 0, 0
29.4901, 20.6612, 5.02338, 0, 0
29.4934, 20.6612, 5.02338, 0, 0
29.4968, 20.6612, 5.02338, 0, 0
29.5001, 20.6612, 5.02338, 0, 0
29.5034, 20.6612, 5.02338, 0, 0
29.5068, 20.6612, 5.02338, 0, 0
29.5101, 20.6612, 5.02338, 0, 0
29.5134, 20.6612, 5.02338, 0, 0
29.5168, 20.6612, 5.02338, 0, 0
29.5201, 20.6612, 5.02338, 0, 0
29.5234, 20.6612, 5.02338, 0, 0
29.5268, 20.6612, 5.02338, 0, 0
29.5301, 20.6612, 5.02338, 0, 0
29.5335, 20.6612, 5.02338, 0, 0
29.5368, 20.6612, 5.02338, 0, 0
29.5402, 20.6612, 5.02338, 0, 0
29.5435, 20.6612, 5.02338, 0, 0
29.5468, 20.6612, 5.02338, 0, 0
29.5502, 20.6612, 5.02338, 0, 0
29.5535, 20.6612, 5.02338, 0, 0
29.5568, 20.6612, 5.02338, 0, 0
29.5601, 20.6612, 5.02338, 0, 0
29.5635, 20.6612, 5.02338, 0, 0
29.5668, 20.6612, 5.02338, 0, 0
29.5702, 20.6612, 5.02338, 0, 0
29.5735, 20.6612, 5.02338, 0, 0
29.5768, 20.6612, 5.02338, 0, 0
29.5801, 20.6612, 5.02338, 0, 0
29.5834, 20.6612, 5.02338, 0, 0
29.5868, 20.6612, 5.02338, 0, 0
29.5901, 20.6612, 5.02338, 0, 0
29.5935, 20.6612, 5.02338, 0, 0
29.5968, 20.6612, 5.02338, 0, 0
29.6001, 20.6612, 5.02338, 0, 0
29.6035, 20.6612, 5.02338, 0, 0
29.6068, 20.6612, 5.02338, 0, 0
29.6101, 20.6612, 5.02338, 0, 0
29.6134, 20.6612, 5.02338, 0, 0
29.6168, 20.6612, 5.02338, 0, 0
29.6201, 20.6612, 5.02338, 0, 0
29.6235, 20.6612, 5.02338, 0, 0
29.6268, 20.6612, 5.02338, 0, 0
29.6301, 20.6612, 5.02338, 0, 0
29.6335, 20.6612, 5.02338, 0, 0
29.6368, 20.6612, 5.02338, 0, 0
29.6402, 20.6612, 5.02338, 0, 0
29.6435, 20.6612, 5.02338, 0, 0
29.6468, 20.6612, 5.02338, 0, 0
29.6501, 20.6612, 5.02338, 0, 0
29.6535, 20.6612, 5.02338, 0, 0
29.6568, 20.6612, 5.02338, 0, 0
29.6601, 20.6612, 5.02338, 0, 0
29.6634, 20.6612, 5.02338, 0, 0
29.6668, 20.6612, 5.02338, 0, 0
29.6701, 20.6612, 5.02338, 0, 0
29.6734, 20.6612, 5.02338, 0, 0
29.6768, 20.6612, 5.02338, 0, 0
29.6801, 20.6612, 5.02338, 0, 0
29.6834, 20.6612, 5.02338, 0, 0
29.6867, 20.6612, 5.02338, 0, 0
29.6901, 20.6612, 5.02338, 0, 0
29.6934, 20.6612, 5.02338, 0, 0
29.6968, 20.6612, 5.02338, 0, 0
29.7001, 20.6612, 5.02338, 0, 0
29.7035, 20.6612, 5.02338, 0, 0
29.7068, 20.6612, 5.02338, 0, 0
29.7101, 20.6612, 5.02338, 0, 0
29.7134, 20.6612, 5.02338, 0, 0
29.7168, 20.6612, 5.02338, 0, 0
29.7201, 20.6612, 5.02338, 0, 0
29.7234, 20.6612, 5.02338, 0, 0
29.7268, 20.6612, 5.02338, 0, 0
29.7301, 20.6612, 5.02338, 0, 0
29.7335, 20.6612, 5.02338, 0, 0
29.7368, 20.6612, 5.02338, 0, 0
29.7401, 20.6612, 5.02338, 0, 0
29.7435, 20.6612, 5.02338, 0, 0
29.7468, 20.6612, 5.02338, 0, 0
29.7501, 20.6612, 5.02338, 0, 0
29.7535, 20.6612, 5.02338, 0, 0
29.7568, 20.6612, 5.02338, 0, 0
29.7602, 20.6612, 5.02338, 0, 0
29.7635, 20.6612, 5.02338, 0, 0
29.7668, 20.6612, 5.02338, 0, 0
29.7702, 20.6612, 5.02338, 0, 0
29.7734, 20.6612, 5.02338, 0, 0
29.7768, 20.6612, 5.02338, 0, 0
29.7802, 20.6612, 5.02338, 0, 0
29.7835, 20.6612, 5.02338, 0, 0
29.7868, 20.6612, 5.02338, 0, 0
29.7901, 20.6612, 5.02338, 0, 0
29.7934, 20.6612, 5.02338, 0, 0
29.7968, 20.6612, 5.02338, 0, 0
29.8001, 20.6612, 5.02338, 0, 0
29.8034, 20.6612, 5.02338, 0, 0
29.8068, 20.6612, 5.02338, 0, 0
29.8101, 20.6612, 5.02338, 0, 0
29.8134, 20.6612, 5.02338, 0, 0
29.8168, 20.6612, 5.02338, 0, 0
29.8201, 20.6612, 5.02338, 0, 0
29.8235, 20.6612, 5.02338, 0, 0
29.8268, 20.6612, 5.02338, 0, 0
29.8301, 20.6612, 5.02338, 0, 0
29.8335, 20.6612, 5.02338, 0, 0
29.8368, 20.6612, 5.02338, 0, 0
29.8401, 20.6612, 5.02338, 0, 0
29.8435, 20.6612, 5.02338, 0, 0
29.8468, 20.6612, 5.02338, 0, 0
29.8501, 20.6612, 5.02338, 0, 0
29.8535, 20.6612, 5.02338, 0, 0
29.8568, 20.6612, 5.02338, 0, 0
29.8601, 20.6612, 5.02338, 0, 0
29.8635, 20.6612, 5.02338, 0, 0
29.8668, 20.6612, 5.02338, 0, 0
29.8702, 20.6612, 5.02338, 0, 0
29.8735, 20.6612, 5.02338, 0, 0
29.8768, 20.6612, 5.02338, 0, 0
29.8802, 20.6612, 5.02338, 0, 0
29.8835, 20.6612, 5.02338, 0, 0
29.8868, 20.6612, 5.02338, 0, 0
29.8901, 20.6612, 5.02338, 0, 0
29.8935, 20.6612, 5.02338, 0, 0
29.8967, 20.6612, 5.02338, 0, 0
29.9001, 20.6612, 5.02338, 0, 0
29.9034, 20.6612, 5.02338, 0, 0
29.9068, 20.6612, 5.02338, 0, 0
29.9101, 20.6612, 5.02338, 0, 0
29.9135, 20.6612, 5.02338, 0, 0
29.9168, 20.6612, 5.02338, 0, 0
29.9201, 20.6612, 5.02338, 0, 0
29.9234, 20.6612, 5.02338, 0, 0
29.9268, 20.6612, 5.02338, 0, 0
29.9301, 20.6612, 5.02338, 0, 0
29.9335, 20.6612, 5.02338, 0, 0
29.9368, 20.6612, 5.02338, 0, 0
29.9401, 20.6612, 5.02338, 0, 0
29.9434, 20.6612, 5.02338, 0, 0
29.9468, 20.6612, 5.02338, 0, 0
29.9501, 20.6612, 5.02338, 0, 0
29.9535, 20.6612, 5.02338, 0, 0
29.9568, 20.6612, 5.02338, 0, 0
29.9601, 20.6612, 5.02338, 0, 0
29.9635, 20.6612, 5.02338, 0, 0
29.9668, 20.6612, 5.02338, 0, 0
29.9702, 20.6612, 5.02338, 0, 0
29.9735, 20.6612, 5.02338, 0, 0
29.9768, 20.6612, 5.02338, 0, 0
29.9801, 20.6612, 5.02338, 0, 0
29.9835, 20.6612, 5.02338, 0, 0
29.9868, 20.6612, 5.02338, 0, 0
29.9901, 20.6612, 5.02338, 0, 0
29.9934, 20.6612, 5.02338, 0, 0
29.9968, 20.6612, 5.02338, 0, 0
30.0002, 20.6612, 5.02338, 0, 0
30.0035, 20.6612, 5.02338, 0, 0
30.0068, 20.6612, 5.02338, 0, 0
30.0101, 20.6612, 5.02338, 0, 0
30.0135, 20.6612, 5.02338, 0, 0
30.0168, 20.6612, 5.02338, 0, 0
30.0201, 20.6612, 5.02338, 0, 0
30.0235, 20.6612, 5.02338, 0, 0
30.0268, 20.6612, 5.02338, 0, 0
30.0301, 20.6612, 5.02338, 0, 0
30.0335, 20.6612, 5.02338, 0, 0
30.0368, 20.6612, 5.02338, 0, 0
30.0401, 20.6612, 5.02338, 0, 0
30.0435, 20.6612, 5.02338, 0, 0
30.0468, 20.6612, 5.02338, 0, 0
30.0501, 20.6612, 5.02338, 0, 0
30.0534, 20.6612, 5.02338, 0, 0
30.0568, 20.6612, 5.02338, 0, 0
30.0601, 20.6612, 5.02338, 0, 0
30.0635, 20.6612, 5.02338, 0, 0
30.0668, 20.6612, 5.02338, 0, 0
30.0701, 20.6612, 5.02338, 0, 0
30.0735, 20.6612, 5.02338, 0, 0
30.0768, 20.6612, 5.02338, 0, 0
30.0801, 20.6612, 5.02338, 0, 0
30.0834, 20.6612, 5.02338, 0, 0
30.0868, 20.6612, 5.02338, 0, 0
30.0902, 20.6612, 5.02338, 0, 0
30.0935, 20.6612, 5.02338, 0, 0
30.0968, 20.6612, 5.02338, 0, 0
30.1001, 20.6612, 5.02338, 0, 0
30.1035, 20.6612, 5.02338, 0, 0
30.1068, 20.6612, 5.02338, 0, 0
30.1101, 20.6612, 5.02338, 0, 0
30.1134, 20.6612, 5.02338, 0, 0
30.1168, 20.6612, 5.02338, 0, 0
30.1201, 20.6612, 5.02338, 0, 0
30.1235, 20.6612, 5.02338, 0, 0
30.1268, 20.6612, 5.02338, 0, 0
30.1301, 20.6612, 5.02338, 0, 0
30.1334, 20.6612, 5.02338, 0, 0
30.1368, 20.6612, 5.02338, 0, 0
30.1401, 20.6612, 5.02338, 0, 0
30.1435, 20.6612, 5.02338, 0, 0
30.1468, 20.6612, 5.02338, 0, 0
30.1501, 20.6612, 5.02338, 0, 0
30.1535, 20.6612, 5.02338, 0, 0
30.1568, 20.6612, 5.02338, 0, 0
30.1601, 20.6612, 5.02338, 0, 0
30.1635, 20.6612, 5.02338, 0, 0
30.1668, 20.6612, 5.02338, 0, 0
30.1701, 20.6612, 5.02338, 0, 0
30.1735, 20.6612, 5.02338, 0, 0
30.1767, 20.6612, 5.02338, 0, 0
30.1801, 20.6612, 5.02338, 0, 0
30.1834, 20.6612, 5.02338, 0, 0
30.1868, 20.6612, 5.02338, 0, 0
30.1902, 20.6612, 5.02338, 0, 0
30.1934, 20.6612, 5.02338, 0, 0
30.1968, 20.6612, 5.02338, 0, 0
30.2001, 20.6612, 5.02338, 0, 0
30.2034, 20.6612, 5.02338, 0, 0
30.2068, 20.6612, 5.02338, 0, 0
30.2102, 20.6612, 5.02338, 0, 0
30.2134, 20.6612, 5.02338, 0, 0
30.2168, 20.6612, 5.02338, 0, 0
30.2202, 20.6612, 5.02338, 0, 0
30.2235, 20.6612, 5.02338, 0, 0
30.2268, 20.6612, 5.02338, 0, 0
30.2301, 20.6612, 5.02338, 0, 0
30.2335, 20.6612, 5.02338, 0, 0
30.2368, 20.6612, 5.02338, 0, 0
30.2401, 20.6612, 5.02338, 0, 0
30.2435, 20.6612, 5.02338, 0, 0
30.2468, 20.6612, 5.02338, 0, 0
30.2501, 20.6612, 5.02338, 0, 0
30.2534, 20.6612, 5.02338, 0, 0
30.2568, 20.6612, 5.02338, 0, 0
30.2601, 20.6612, 5.02338, 0, 0
30.2635, 20.6612, 5.02338, 0, 0
30.2668, 20.6612, 5.02338, 0, 0
30.2701, 20.6612, 5.02338, 0, 0
30.2734, 20.6612, 5.02338, 0, 0
30.2768, 20.6612, 5.02338, 0, 0
30.2801, 20.6612, 5.02338, 0, 0
30.2834, 20.6612, 5.02338, 0, 0
30.2868, 20.6612, 5.02338, 0, 0
30.2901, 20.6612, 5.02338, 0, 0
30.2934, 20.6612, 5.02338, 0, 0
30.2968, 20.6612, 5.02338, 0, 0
30.3002, 20.6612, 5.02338, 0, 0
30.3035, 20.6612, 5.02338, 0, 0
30.3068, 20.6612, 5.02338, 0, 0
30.3102, 20.6612, 5.02338, 0, 0
30.3134, 20.6612, 5.02338, 0, 0
30.3168, 20.6612, 5.02338, 0, 0
30.3201, 20.6612, 5.02338, 0, 0
30.3235, 20.6612, 5.02338, 0, 0
30.3268, 20.6612, 5.02338, 0, 0
30.3301, 20.6612, 5.02338, 0, 0
30.3334, 20.6612, 5.02338, 0, 0
30.3368, 20.6612, 5.02338, 0, 0
30.3401, 20.6612, 5.02338, 0, 0
30.3435, 20.6612, 5.02338, 0, 0
30.3468, 20.6612, 5.02338, 0, 0
30.3501, 20.6612, 5.02338, 0, 0
30.3534, 20.6612, 5.02338, 0, 0
30.3568, 20.6612, 5.02338, 0, 0
30.3601, 20.6612, 5.02338, 0, 0
30.3634, 20.6612, 5.02338, 0, 0
30.3668, 20.6612, 5.02338, 0, 0
30.3701, 20.6612, 5.02338, 0, 0
30.3735, 20.6612, 5.02338, 0, 0
30.3768, 20.6612, 5.02338, 0, 0
30.3801, 20.6612, 5.02338, 0, 0
30.3835, 20.6612, 5.02338, 0, 0
30.3868, 20.6612, 5.02338, 0, 0
30.3901, 20.6612, 5.02338, 0, 0
30.3934, 20.6612, 5.02338, 0, 0
30.3968, 20.6612, 5.02338, 0, 0
30.4002, 20.6612, 5.02338, 0, 0
30.4035, 20.6612, 5.02338, 0, 0
30.4068, 20.6612, 5.02338, 0, 0
30.4102, 20.6612, 5.02338, 0, 0
30.4135, 20.6612, 5.02338, 0, 0
30.4168, 20.6612, 5.02338, 0, 0
30.4201, 20.6612, 5.02338, 0, 0
30.4235, 20.6612, 5.02338, 0, 0
30.4268, 20.6612, 5.02338, 0, 0
30.4301, 20.6612, 5.02338, 0, 0
30.4335, 20.6612, 5.02338, 0, 0
30.4368, 20.6612, 5.02338, 0, 0
30.4401, 20.6612, 5.02338, 0, 0
30.4435, 20.6612, 5.02338, 0, 0
30.4468, 20.6612, 5.02338, 0, 0
30.4501, 20.6612, 5.02338, 0, 0
30.4535, 20.6612, 5.02338, 0, 0
30.4568, 20.6612, 5.02338, 0, 0
30.4601, 20.6612, 5.02338, 0, 0
30.4635, 20.6612, 5.02338, 0, 0
30.4668, 20.6612, 5.02338, 0, 0
30.4701, 20.6612, 5.02338, 0, 0
30.4735, 20.6612, 5.02338, 0, 0
30.4768, 20.6612, 5.02338, 0, 0
30.4801, 20.6612, 5.02338, 0, 0
30.4835, 20.6612, 5.02338, 0, 0
30.4868, 20.6612, 5.02338, 0, 0
30.4901, 20.6612, 5.02338, 0, 0
30.4934, 20.6612, 5.02338, 0, 0
30.4968, 20.6612, 5.02338, 0, 0
30.5001, 20.6612, 5.02338, 0, 0
30.5035, 20.6612, 5.02338, 0, 0
30.5068, 20.6612, 5.02338, 0, 0
30.5101, 20.6612, 5.02338, 0, 0
30.5135, 20.6612, 5.02338, 0, 0
30.5168, 20.6612, 5.02338, 0, 0
30.5201, 20.6612, 5.02338, 0, 0
30.5235, 20.6612, 5.02338, 0, 0
30.5268, 20.6612, 5.02338, 0, 0
30.5301, 20.6612, 5.02338, 0, 0
30.5335, 20.6612, 5.02338, 0, 0
30.5368, 20.6612, 5.02338, 0, 0
30.5401, 20.6612, 5.02338, 0, 0
30.5435, 20.6612, 5.02338, 0, 0
30.5468, 20.6612, 5.02338, 0, 0
30.5501, 20.6612, 5.02338, 0, 0
30.5535, 20.6612, 5.02338, 0, 0
30.5568, 20.6612, 5.02338, 0, 0
30.5601, 20.6612, 5.02338, 0, 0
30.5635, 20.6612, 5.02338, 0, 0
30.5668, 20.6612, 5.02338, 0, 0
30.5701, 20.6612, 5.02338, 0, 0
30.5735, 20.6612, 5.02338, 0, 0
30.5768, 20.6612, 5.02338, 0, 0
30.5801, 20.6612, 5.02338, 0, 0
30.5835, 20.6612, 5.02338, 0, 0
30.5868, 20.6612, 5.02338, 0, 0
30.5902, 20.6612, 5.02338, 0, 0
30.5934, 20.6612, 5.02338, 0, 0
30.5968, 20.6612, 5.02338, 0, 0
30.6001, 20.6612, 5.02338, 0, 0
30.6035, 20.6612, 5.02338, 0, 0
30.6068, 20.6612, 5.02338, 0, 0
30.6101, 20.6612, 5.02338, 0, 0
30.6135, 20.6612, 5.02338, 0, 0
30.6168, 20.6612, 5.02338, 0, 0
30.6202, 20.6612, 5.02338, 0, 0
30.6234, 20.6612, 5.02338, 0, 0
30.6268, 20.6612, 5.02338, 0, 0
30.6301, 20.6612, 5.02338, 0, 0
30.6335, 20.6612, 5.02338, 0, 0
30.6368, 20.6612, 5.02338, 0, 0
30.6401, 20.6612, 5.02338, 0, 0
30.6434, 20.6612, 5.02338, 0, 0
30.6467, 20.6612, 5.02338, 0, 0
30.6501, 20.6612, 5.02338, 0, 0
30.6535, 20.6612, 5.02338, 0, 0
30.6567, 20.6612, 5.02338, 0, 0
30.6601, 20.6612, 5.02338, 0, 0
30.6635, 20.6612, 5.02338, 0, 0
30.6668, 20.6612, 5.02338, 0, 0
30.6701, 20.6612, 5.02338, 0, 0
30.6735, 20.6612, 5.02338, 0, 0
30.6768, 20.6612, 5.02338, 0, 0
30.6801, 20.6612, 5.02338, 0, 0
30.6834, 20.6612, 5.02338, 0, 0
30.6868, 20.6612, 5.02338, 0, 0
30.6901, 20.6612, 5.02338, 0, 0
30.6935, 20.6612, 5.02338, 0, 0
30.6968, 20.6612, 5.02338, 0, 0
30.7001, 20.6612, 5.02338, 0, 0
30.7035, 20.6612, 5.02338, 0, 0
30.7068, 20.6612, 5.02338, 0, 0
30.7101, 20.6612, 5.02338, 0, 0
30.7135, 20.6612, 5.02338, 0, 0
30.7168, 20.6612, 5.02338, 0, 0
30.7201, 20.6612, 5.02338, 0, 0
30.7235, 20.6612, 5.02338, 0, 0
30.7268, 20.6612, 5.02338, 0, 0
30.7301, 20.6612, 5.02338, 0, 0
30.7335, 20.6612, 5.02338, 0, 0
30.7368, 20.6612, 5.02338, 0, 0
30.7401, 20.6612, 5.02338, 0, 0
30.7434, 20.6612, 5.02338, 0, 0
30.7468, 20.6612, 5.02338, 0, 0
30.7501, 20.6612, 5.02338, 0, 0
30.7535, 20.6612, 5.02338, 0, 0
30.7568, 20.6612, 5.02338, 0, 0
30.7601, 20.6612, 5.02338, 0, 0
30.7635, 20.6612, 5.02338, 0, 0
30.7668, 20.6612, 5.02338, 0, 0
30.7701, 20.6612, 5.02338, 0, 0
30.7735, 20.6612, 5.02338, 0, 0
30.7768, 20.6612, 5.02338, 0, 0
30.7801, 20.6612, 5.02338, 0, 0
30.7835, 20.6612, 5.02338, 0, 0
30.7868, 20.6612, 5.02338, 0, 0
30.7901, 20.6612, 5.02338, 0, 0
30.7934, 20.6612, 5.02338, 0, 0
30.7968, 20.6612, 5.02338, 0, 0
30.8001, 20.6612, 5.02338, 0, 0
30.8034, 20.6612, 5.02338, 0, 0
30.8068, 20.6612, 5.02338, 0, 0
30.8101, 20.6612, 5.02338, 0, 0
30.8135, 20.6612, 5.02338, 0, 0
30.8168, 20.6612, 5.02338, 0, 0
30.8201, 20.6612, 5.02338, 0, 0
30.8234, 20.6612, 5.02338, 0, 0
30.8268, 20.6612, 5.02338, 0, 0
30.8301, 20.6612, 5.02338, 0, 0
30.8335, 20.6612, 5.02338, 0, 0
30.8368, 20.6612, 5.02338, 0, 0
30.8402, 20.6612, 5.02338, 0, 0
30.8435, 20.6612, 5.02338, 0, 0
30.8468, 20.6612, 5.02338, 0, 0
30.8502, 20.6612, 5.02338, 0, 0
30.8535, 20.6612, 5.02338, 0, 0
30.8568, 20.6612, 5.02338, 0, 0
30.8601, 20.6612, 5.02338, 0, 0
30.8635, 20.6612, 5.02338, 0, 0
30.8668, 20.6612, 5.02338, 0, 0
30.8701, 20.6612, 5.02338, 0, 0
30.8735, 20.6612, 5.02338, 0, 0
30.8768, 20.6612, 5.02338, 0, 0
30.8801, 20.6612, 5.02338, 0, 0
30.8834, 20.6612, 5.02338, 0, 0
30.8868, 20.6612, 5.02338, 0, 0
30.8901, 20.6612, 5.02338, 0, 0
30.8935, 20.6612, 5.02338, 0, 0
30.8968, 20.6612, 5.02338, 0, 0
30.9001, 20.6612, 5.02338, 0, 0
30.9034, 20.6612, 5.02338, 0, 0
30.9068, 20.6612, 5.02338, 0, 0
30.9101, 20.6612, 5.02338, 0, 0
30.9135, 20.6612, 5.02338, 0, 0
30.9168, 20.6612, 5.02338, 0, 0
30.9201, 20.6612, 5.02338, 0, 0
30.9234, 20.6612, 5.02338, 0, 0
30.9268, 20.6612, 5.02338, 0, 0
30.9301, 20.6612, 5.02338, 0, 0
30.9334, 20.6612, 5.02338, 0, 0
30.9368, 20.6612, 5.02338, 0, 0
30.9401, 20.6612, 5.02338, 0, 0
30.9434, 20.6612, 5.02338, 0, 0
30.9468, 20.6612, 5.02338, 0, 0
30.9501, 20.6612, 5.02338, 0, 0
30.9535, 20.6612, 5.02338, 0, 0
30.9568, 20.6612, 5.02338, 0, 0
30.9601, 20.6612, 5.02338, 0, 0
30.9635, 20.6612, 5.02338, 0, 0
30.9668, 20.6612, 5.02338, 0, 0
30.9701, 20.6612, 5.02338, 0, 0
30.9735, 20.6612, 5.02338, 0, 0
30.9768, 20.6612, 5.02338, 0, 0
30.9801, 20.6612, 5.02338, 0, 0
30.9835, 20.6612, 5.02338, 0, 0
30.9868, 20.6612, 5.02338, 0, 0
30.9901, 20.6612, 5.02338, 0, 0
30.9935, 20.6612, 5.02338, 0, 0
30.9968, 20.6612, 5.02338, 0, 0
31.0001, 20.6612, 5.02338, 0, 0
31.0035, 20.6612, 5.02338, 0, 0
31.0068, 20.6612, 5.02338, 0, 0
31.0101, 20.6612, 5.02338, 0, 0
31.0135, 20.6612, 5.02338, 0, 0
31.0168, 20.6612, 5.02338, 0, 0
31.0201, 20.6612, 5.02338, 0, 0
31.0234, 20.6612, 5.02338, 0, 0
31.0268, 20.6612, 5.02338, 0, 0
31.0301, 20.6612, 5.02338, 0, 0
31.0334, 20.6612, 5.02338, 0, 0
31.0367, 20.6612, 5.02338, 0, 0
31.0401, 20.6612, 5.02338, 0, 0
31.0434, 20.6612, 5.02338, 0, 0
31.0468, 20.6612, 5.02338, 0, 0
31.0501, 20.6612, 5.02338, 0, 0
31.0534, 20.6612, 5.02338, 0, 0
31.0567, 20.6612, 5.02338, 0, 0
31.0601, 20.6612, 5.02338, 0, 0
31.0634, 20.6612, 5.02338, 0, 0
31.0667, 20.6612, 5.02338, 0, 0
31.0701, 20.6612, 5.02338, 0, 0
31.0734, 20.6612, 5.02338, 0, 0
31.0768, 20.6612, 5.02338, 0, 0
31.0801, 20.6612, 5.02338, 0, 0
31.0834, 20.6612, 5.02338, 0, 0
31.0868, 20.6612, 5.02338, 0, 0
31.0901, 20.6612, 5.02338, 0, 0
31.0934, 20.6612, 5.02338, 0, 0
31.0968, 20.6612, 5.02338, 0, 0
31.1001, 20.6612, 5.02338, 0, 0
31.1034, 20.6612, 5.02338, 0, 0
31.1067, 20.6612, 5.02338, 0, 0
31.1101, 20.6612, 5.02338, 0, 0
31.1134, 20.6612, 5.02338, 0, 0
31.1168, 20.6612, 5.02338, 0, 0
31.1201, 20.6612, 5.02338, 0, 0
31.1234, 20.6612, 5.02338, 0, 0
31.1268, 20.6612, 5.02338, 0, 0
31.1303, 20.6612, 5.02338, 0, 0
31.1334, 20.6612, 5.02338, 0, 0
31.1367, 20.6612, 5.02338, 0, 0
31.1401, 20.6612, 5.02338, 0, 0
31.1434, 20.6612, 5.02338, 0, 0
31.1467, 20.6612, 5.02338, 0, 0
31.1501, 20.6612, 5.02338, 0, 0
31.1534, 20.6612, 5.02338, 0, 0
31.1567, 20.6612, 5.02338, 0, 0
31.1601, 20.6612, 5.02338, 0, 0
31.1634, 20.6612, 5.02338, 0, 0
31.1668, 20.6612, 5.02338, 0, 0
31.1701, 20.6612, 5.02338, 0, 0
31.1734, 20.6612, 5.02338, 0, 0
31.1768, 20.6612, 5.02338, 0, 0
31.1801, 20.6612, 5.02338, 0, 0
31.1834, 20.6612, 5.02338, 0, 0
31.1868, 20.6612, 5.02338, 0, 0
31.1901, 20.6612, 5.02338, 0, 0
31.1934, 20.6612, 5.02338, 0, 0
31.1968, 20.6612, 5.02338, 0, 0
31.2001, 20.6612, 5.02338, 0, 0
31.2034, 20.6612, 5.02338, 0, 0
31.2068, 20.6612, 5.02338, 0, 0
31.2101, 20.6612, 5.02338, 0, 0
31.2134, 20.6612, 5.02338, 0, 0
31.2168, 20.6612, 5.02338, 0, 0
31.2201, 20.6612, 5.02338, 0, 0
31.2234, 20.6612, 5.02338, 0, 0
31.2268, 20.6612, 5.02338, 0, 0
31.2301, 20.6612, 5.02338, 0, 0
31.2334, 20.6612, 5.02338, 0, 0
31.2368, 20.6612, 5.02338, 0, 0
31.2401, 20.6612, 5.02338, 0, 0
31.2434, 20.6612, 5.02338, 0, 0
31.2468, 20.6612, 5.02338, 0, 0
31.2501, 20.6612, 5.02338, 0, 0
31.2534, 20.6612, 5.02338, 0, 0
31.2568, 20.6612, 5.02338, 0, 0
31.2601, 20.6612, 5.02338, 0, 0
31.2635, 20.6612, 5.02338, 0, 0
31.2668, 20.6612, 5.02338, 0, 0
31.2702, 20.6612, 5.02338, 0, 0
31.2734, 20.6612, 5.02338, 0, 0
31.2768, 20.6612, 5.02338, 0, 0
31.2802, 20.6612, 5.02338, 0, 0
31.2834, 20.6612, 5.02338, 0, 0
31.2868, 20.6612, 5.02338, 0, 0
31.2901, 20.6612, 5.02338, 0, 0
31.2935, 20.6612, 5.02338, 0, 0
31.2968, 20.6612, 5.02338, 0, 0
31.3001, 20.6612, 5.02338, 0, 0
31.3035, 20.6612, 5.02338, 0, 0
31.3068, 20.6612, 5.02338, 0, 0
31.3101, 20.6612, 5.02338, 0, 0
31.3135, 20.6612, 5.02338, 0, 0
31.3168, 20.6612, 5.02338, 0, 0
31.3201, 20.6612, 5.02338, 0, 0
31.3235, 20.6612, 5.02338, 0, 0
31.3268, 20.6612, 5.02338, 0, 0
31.3301, 20.6612, 5.02338, 0, 0
31.3334, 20.6612, 5.02338, 0, 0
31.3368, 20.6612, 5.02338, 0, 0
31.3401, 20.6612, 5.02338, 0, 0
31.3434, 20.6612, 5.02338, 0, 0
31.3468, 20.6612, 5.02338, 0, 0
31.3501, 20.6612, 5.02338, 0, 0
31.3534, 20.6612, 5.02338, 0, 0
31.3568, 20.6612, 5.02338, 0, 0
31.3601, 20.6612, 5.02338, 0, 0
31.3634, 20.6612, 5.02338, 0, 0
31.3668, 20.6612, 5.02338, 0, 0
31.3701, 20.6612, 5.02338, 0, 0
31.3735, 20.6612, 5.02338, 0, 0
31.3768, 20.6612, 5.02338, 0, 0
31.3802, 20.6612, 5.02338, 0, 0
31.3835, 20.6612, 5.02338, 0, 0
31.3868, 20.6612, 5.02338, 0, 0
31.3901, 20.6612, 5.02338, 0, 0
31.3935, 20.6612, 5.02338, 0, 0
31.3968, 20.6612, 5.02338, 0, 0
31.4001, 20.6612, 5.02338, 0, 0
31.4035, 20.6612, 5.02338, 0, 0
31.4068, 20.6612, 5.02338, 0, 0
31.4101, 20.6612, 5.02338, 0, 0
31.4135, 20.6612, 5.02338, 0, 0
31.4168, 20.6612, 5.02338, 0, 0
31.4201, 20.6612, 5.02338, 0, 0
31.4234, 20.6612, 5.02338, 0, 0
31.4268, 20.6612, 5.02338, 0, 0
31.4301, 20.6612, 5.02338, 0, 0
31.4334, 20.6612, 5.02338, 0, 0
31.4368, 20.6612, 5.02338, 0, 0
31.4401, 20.6612, 5.02338, 0, 0
31.4434, 20.6612, 5.02338, 0, 0
31.4468, 20.6612, 5.02338, 0, 0
31.4501, 20.6612, 5.02338, 0, 0
31.4535, 20.6612, 5.02338, 0, 0
31.4568, 20.6612, 5.02338, 0, 0
31.4601, 20.6612, 5.02338, 0, 0
31.4634, 20.6612, 5.02338, 0, 0
31.4668, 20.6612, 5.02338, 0, 0
31.4701, 20.6612, 5.02338, 0, 0
31.4735, 20.6612, 5.02338, 0, 0
31.4768, 20.6612, 5.02338, 0, 0
31.4801, 20.6612, 5.02338, 0, 0
31.4835, 20.6612, 5.02338, 0, 0
31.4868, 20.6612, 5.02338, 0, 0
31.4902, 20.6612, 5.02338, 0, 0
31.4935, 20.6612, 5.02338, 0, 0
31.4968, 20.6612, 5.02338, 0, 0
31.5001, 20.6612, 5.02338, 0, 0
31.5035, 20.6612, 5.02338, 0, 0
31.5068, 20.6612, 5.02338, 0, 0
31.5101, 20.6612, 5.02338, 0, 0
31.5135, 20.6612, 5.02338, 0, 0
31.5168, 20.6612, 5.02338, 0, 0
31.5201, 20.6612, 5.02338, 0, 0
31.5234, 20.6612, 5.02338, 0, 0
31.5267, 20.6612, 5.02338, 0, 0
31.5301, 20.6612, 5.02338, 0, 0
31.5335, 20.6612, 5.02338, 0, 0
31.5368, 20.6612, 5.02338, 0, 0
31.5401, 20.6612, 5.02338, 0, 0
31.5435, 20.6612, 5.02338, 0, 0
31.5468, 20.6612, 5.02338, 0, 0
31.5501, 20.6612, 5.02338, 0, 0
31.5534, 20.6612, 5.02338, 0, 0
31.5568, 20.6612, 5.02338, 0, 0
31.5601, 20.6612, 5.02338, 0, 0
31.5635, 20.6612, 5.02338, 0, 0
31.5668, 20.6612, 5.02338, 0, 0
31.5701, 20.6612, 5.02338, 0, 0
31.5735, 20.6612, 5.02338, 0, 0
31.5768, 20.6612, 5.02338, 0, 0
31.5801, 20.6612, 5.02338, 0, 0
31.5835, 20.6612, 5.02338, 0, 0
31.5868, 20.6612, 5.02338, 0, 0
31.5902, 20.6612, 5.02338, 0, 0
31.5935, 20.6612, 5.02338, 0, 0
31.5968, 20.6612, 5.02338, 0, 0
31.6002, 20.6612, 5.02338, 0, 0
31.6035, 20.6612, 5.02338, 0, 0
31.6068, 20.6612, 5.02338, 0, 0
31.6101, 20.6612, 5.02338, 0, 0
31.6135, 20.6612, 5.02338, 0, 0
31.6168, 20.6612, 5.02338, 0, 0
31.6201, 20.6612, 5.02338, 0, 0
31.6234, 20.6612, 5.02338, 0, 0
31.6268, 20.6612, 5.02338, 0, 0
31.6301, 20.6612, 5.02338, 0, 0
31.6335, 20.6612, 5.02338, 0, 0
31.6368, 20.6612, 5.02338, 0, 0
31.6401, 20.6612, 5.02338, 0, 0
31.6435, 20.6612, 5.02338, 0, 0
31.6467, 20.6612, 5.02338, 0, 0
31.6501, 20.6612, 5.02338, 0, 0
31.6534, 20.6612, 5.02338, 0, 0
31.6568, 20.6612, 5.02338, 0, 0
31.6601, 20.6612, 5.02338, 0, 0
31.6635, 20.6612, 5.02338, 0, 0
31.6667, 20.6612, 5.02338, 0, 0
31.6701, 20.6612, 5.02338, 0, 0
31.6734, 20.6612, 5.02338, 0, 0
31.6768, 20.6612, 5.02338, 0, 0
31.6801, 20.6612, 5.02338, 0, 0
31.6834, 20.6612, 5.02338, 0, 0
31.6868, 20.6612, 5.02338, 0, 0
31.6901, 20.6612, 5.02338, 0, 0
31.6934, 20.6612, 5.02338, 0, 0
31.6968, 20.6612, 5.02338, 0, 0
31.7001, 20.6612, 5.02338, 0, 0
31.7035, 20.6612, 5.02338, 0, 0
31.7068, 20.6612, 5.02338, 0, 0
31.7102, 20.6612, 5.02338, 0, 0
31.7134, 20.6612, 5.02338, 0, 0
31.7168, 20.6612, 5.02338, 0, 0
31.7201, 20.6612, 5.02338, 0, 0
31.7234, 20.6612, 5.02338, 0, 0
31.7268, 20.6612, 5.02338, 0, 0
31.7301, 20.6612, 5.02338, 0, 0
31.7335, 20.6612, 5.02338, 0, 0
31.7368, 20.6612, 5.02338, 0, 0
31.7401, 20.6612, 5.02338, 0, 0
31.7434, 20.6612, 5.02338, 0, 0
31.7468, 20.6612, 5.02338, 0, 0
31.7501, 20.6612, 5.02338, 0, 0
31.7535, 20.6612, 5.02338, 0, 0
31.7568, 20.6612, 5.02338, 0, 0
31.7601, 20.6612, 5.02338, 0, 0
31.7635, 20.6612, 5.02338, 0, 0
31.7668, 20.6612, 5.02338, 0, 0
31.7701, 20.6612, 5.02338, 0, 0
31.7735, 20.6612, 5.02338, 0, 0
31.7768, 20.6612, 5.02338, 0, 0
31.7801, 20.6612, 5.02338, 0, 0
31.7835, 20.6612, 5.02338, 0, 0
31.7868, 20.6612, 5.02338, 0, 0
31.7902, 20.6612, 5.02338, 0, 0
31.7934, 20.6612, 5.02338, 0, 0
31.7968, 20.6612, 5.02338, 0, 0
31.8001, 20.6612, 5.02338, 0, 0
31.8034, 20.6612, 5.02338, 0, 0
31.8068, 20.6612, 5.02338, 0, 0
31.8102, 20.6612, 5.02338, 0, 0
31.8135, 20.6612, 5.02338, 0, 0
31.8168, 20.6612, 5.02338, 0, 0
31.8201, 20.6612, 5.02338, 0, 0
31.8234, 20.6612, 5.02338, 0, 0
31.8268, 20.6612, 5.02338, 0, 0
31.8301, 20.6612, 5.02338, 0, 0
31.8334, 20.6612, 5.02338, 0, 0
31.8368, 20.6612, 5.02338, 0, 0
31.8401, 20.6612, 5.02338, 0, 0
31.8435, 20.6612, 5.02338, 0, 0
31.8468, 20.6612, 5.02338, 0, 0
31.8501, 20.6612, 5.02338, 0, 0
31.8535, 20.6612, 5.02338, 0, 0
31.8568, 20.6612, 5.02338, 0, 0
31.8601, 20.6612, 5.02338, 0, 0
31.8635, 20.6612, 5.02338, 0, 0
31.8668, 20.6612, 5.02338, 0, 0
31.8701, 20.6612, 5.02338, 0, 0
31.8735, 20.6612, 5.02338, 0, 0
31.8768, 20.6612, 5.02338, 0, 0
31.8801, 20.6612, 5.02338, 0, 0
31.8835, 20.6612, 5.02338, 0, 0
31.8868, 20.6612, 5.02338, 0, 0
31.8901, 20.6612, 5.02338, 0, 0
31.8935, 20.6612, 5.02338, 0, 0
31.8968, 20.6612, 5.02338, 0, 0
31.9001, 20.6612, 5.02338, 0, 0
31.9035, 20.6612, 5.02338, 0, 0
31.9068, 20.6612, 5.02338, 0, 0
31.9102, 20.6612, 5.02338, 0, 0
31.9134, 20.6612, 5.02338, 0, 0
31.9168, 20.6612, 5.02338, 0, 0
31.9202, 20.6612, 5.02338, 0, 0
31.9234, 20.6612, 5.02338, 0, 0
31.9268, 20.6612, 5.02338, 0, 0
31.9301, 20.6612, 5.02338, 0, 0
31.9335, 20.6612, 5.02338, 0, 0
31.9368, 20.6612, 5.02338, 0, 0
31.9401, 20.6612, 5.02338, 0, 0
31.9434, 20.6612, 5.02338, 0, 0
31.9468, 20.6612, 5.02338, 0, 0
31.9501, 20.6612, 5.02338, 0, 0
31.9535, 20.6612, 5.02338, 0, 0
31.9568, 20.6612, 5.02338, 0, 0
31.9601, 20.6612, 5.02338, 0, 0
31.9635, 20.6612, 5.02338, 0, 0
31.9668, 20.6612, 5.02338, 0, 0
31.9701, 20.6612, 5.02338, 0, 0
31.9734, 20.6612, 5.02338, 0, 0
31.9768, 20.6612, 5.02338, 0, 0
31.9801, 20.6612, 5.02338, 0, 0
31.9834, 20.6612, 5.02338, 0, 0
31.9868, 20.6612, 5.02338, 0, 0
31.9901, 20.6612, 5.02338, 0, 0
31.9934, 20.6612, 5.02338, 0, 0
31.9967, 20.6612, 5.02338, 0, 0
32.0001, 20.6612, 5.02338, 0, 0
32.0034, 20.6612, 5.02338, 0, 0
32.0067, 20.6612, 5.02338, 0, 0
32.0101, 20.6612, 5.02338, 0, 0
32.0134, 20.6612, 5.02338, 0, 0
32.0168, 20.6612, 5.02338, 0, 0
32.0201, 20.6612, 5.02338, 0, 0
32.0234, 20.6612, 5.02338, 0, 0
32.0268, 20.6612, 5.02338, 0, 0
32.0301, 20.6612, 5.02338, 0, 0
32.0334, 20.6612, 5.02338, 0, 0
32.0368, 20.6612, 5.02338, 0, 0
32.0401, 20.6612, 5.02338, 0, 0
32.0434, 20.6612, 5.02338, 0, 0
32.0468, 20.6612, 5.02338, 0, 0
32.0501, 20.6612, 5.02338, 0, 0
32.0534, 20.6612, 5.02338, 0, 0
32.0568, 20.6612, 5.02338, 0, 0
32.0601, 20.6612, 5.02338, 0, 0
32.0635, 20.6612, 5.02338, 0, 0
32.0668, 20.6612, 5.02338, 0, 0
32.0701, 20.6612, 5.02338, 0, 0
32.0734, 20.6612, 5.02338, 0, 0
32.0768, 20.6612, 5.02338, 0, 0
32.0802, 20.6612, 5.02338, 0, 0
32.0834, 20.6612, 5.02338, 0, 0
32.0868, 20.6612, 5.02338, 0, 0
32.0901, 20.6612, 5.02338, 0, 0
32.0934, 20.6612, 5.02338, 0, 0
32.0968, 20.6612, 5.02338, 0, 0
32.1001, 20.6612, 5.02338, 0, 0
32.1034, 20.6612, 5.02338, 0, 0
32.1068, 20.6612, 5.02338, 0, 0
32.1102, 20.6612, 5.02338, 0, 0
32.1134, 20.6612, 5.02338, 0, 0
32.1168, 20.6612, 5.02338, 0, 0
32.1202, 20.6612, 5.02338, 0, 0
32.1235, 20.6612, 5.02338, 0, 0
32.1268, 20.6612, 5.02338, 0, 0
32.1301, 20.6612, 5.02338, 0, 0
32.1334, 20.6612, 5.02338, 0, 0
32.1368, 20.6612, 5.02338, 0, 0
32.1402, 20.6612, 5.02338, 0, 0
32.1434, 20.6612, 5.02338, 0, 0
32.1468, 20.6612, 5.02338, 0, 0
32.1501, 20.6612, 5.02338, 0, 0
32.1534, 20.6612, 5.02338, 0, 0
32.1568, 20.6612, 5.02338, 0, 0
32.1601, 20.6612, 5.02338, 0, 0
32.1634, 20.6612, 5.02338, 0, 0
32.1668, 20.6612, 5.02338, 0, 0
32.1701, 20.6612, 5.02338, 0, 0
32.1734, 20.6612, 5.02338, 0, 0
32.1768, 20.6612, 5.02338, 0, 0
32.1801, 20.6612, 5.02338, 0, 0
32.1834, 20.6612, 5.02338, 0, 0
32.1868, 20.6612, 5.02338, 0, 0
32.1901, 20.6612, 5.02338, 0, 0
32.1934, 20.6612, 5.02338, 0, 0
32.1968, 20.6612, 5.02338, 0, 0
32.2001, 20.6612, 5.02338, 0, 0
32.2035, 20.6612, 5.02338, 0, 0
32.2068, 20.6612, 5.02338, 0, 0
32.2101, 20.6612, 5.02338, 0, 0
32.2134, 20.6612, 5.02338, 0, 0
32.2168, 20.6612, 5.02338, 0, 0
32.2202, 20.6612, 5.02338, 0, 0
32.2234, 20.6612, 5.02338, 0, 0
32.2268, 20.6612, 5.02338, 0, 0
32.2302, 20.6612, 5.02338, 0, 0
32.2335, 20.6612, 5.02338, 0, 0
32.2368, 20.6612, 5.02338, 0, 0
32.2401, 20.6612, 5.02338, 0, 0
32.2434, 20.6612, 5.02338, 0, 0
32.2468, 20.6612, 5.02338, 0, 0
32.2501, 20.6612, 5.02338, 0, 0
32.2535, 20.6612, 5.02338, 0, 0
32.2568, 20.6612, 5.02338, 0, 0
32.2601, 20.6612, 5.02338, 0, 0
32.2634, 20.6612, 5.02338, 0, 0
32.2668, 20.6612, 5.02338, 0, 0
32.2701, 20.6612, 5.02338, 0, 0
32.2734, 20.6612, 5.02338, 0, 0
32.2768, 20.6612, 5.02338, 0, 0
32.2801, 20.6612, 5.02338, 0, 0
32.2834, 20.6612, 5.02338, 0, 0
32.2868, 20.6612, 5.02338, 0, 0
32.2901, 20.6612, 5.02338, 0, 0
32.2934, 20.6612, 5.02338, 0, 0
32.2968, 20.6612, 5.02338, 0, 0
32.3001, 20.6612, 5.02338, 0, 0
32.3034, 20.6612, 5.02338, 0, 0
32.3068, 20.6612, 5.02338, 0, 0
32.3101, 20.6612, 5.02338, 0, 0
32.3134, 20.6612, 5.02338, 0, 0
32.3168, 20.6612, 5.02338, 0, 0
32.3201, 20.6612, 5.02338, 0, 0
32.3234, 20.6612, 5.02338, 0, 0
32.3268, 20.6612, 5.02338, 0, 0
32.3301, 20.6612, 5.02338, 0, 0
32.3334, 20.6612, 5.02338, 0, 0
32.3368, 20.6612, 5.02338, 0, 0
32.3402, 20.6612, 5.02338, 0, 0
32.3435, 20.6612, 5.02338, 0, 0
32.3468, 20.6612, 5.02338, 0, 0
32.3501, 20.6612, 5.02338, 0, 0
32.3534, 20.6612, 5.02338, 0, 0
32.3568, 20.6612, 5.02338, 0, 0
32.3601, 20.6612, 5.02338, 0, 0
32.3635, 20.6612, 5.02338, 0, 0
32.3668, 20.6612, 5.02338, 0, 0
32.3701, 20.6612, 5.02338, 0, 0
32.3734, 20.6612, 5.02338, 0, 0
32.3768, 20.6612, 5.02338, 0, 0
32.3801, 20.6612, 5.02338, 0, 0
32.3834, 20.6612, 5.02338, 0, 0
32.3868, 20.6612, 5.02338, 0, 0
32.3902, 20.6612, 5.02338, 0, 0
32.3934, 20.6612, 5.02338, 0, 0
32.3968, 20.6612, 5.02338, 0, 0
32.4001, 20.6612, 5.02338, 0, 0
32.4035, 20.6612, 5.02338, 0, 0
32.4068, 20.6612, 5.02338, 0, 0
32.4101, 20.6612, 5.02338, 0, 0
32.4135, 20.6612, 5.02338, 0, 0
32.4168, 20.6612, 5.02338, 0, 0
32.4201, 20.6612, 5.02338, 0, 0
32.4235, 20.6612, 5.02338, 0, 0
32.4268, 20.6612, 5.02338, 0, 0
32.4302, 20.6612, 5.02338, 0, 0
32.4334, 20.6612, 5.02338, 0, 0
32.4368, 20.6612, 5.02338, 0, 0
32.4401, 20.6612, 5.02338, 0, 0
32.4434, 20.6612, 5.02338, 0, 0
32.4468, 20.6612, 5.02338, 0, 0
32.4502, 20.6612, 5.02338, 0, 0
32.4535, 20.6612, 5.02338, 0, 0
32.4568, 20.6612, 5.02338, 0, 0
32.4601, 20.6612, 5.02338, 0, 0
32.4634, 20.6612, 5.02338, 0, 0
32.4668, 20.6612, 5.02338, 0, 0
32.4701, 20.6612, 5.02338, 0, 0
32.4735, 20.6612, 5.02338, 0, 0
32.4768, 20.6612, 5.02338, 0, 0
32.4802, 20.6612, 5.02338, 0, 0
32.4835, 20.6612, 5.02338, 0, 0
32.4868, 20.6612, 5.02338, 0, 0
32.4901, 20.6612, 5.02338, 0, 0
32.4935, 20.6612, 5.02338, 0, 0
32.4968, 20.6612, 5.02338, 0, 0
32.5001, 20.6612, 5.02338, 0, 0
32.5035, 20.6612, 5.02338, 0, 0
32.5068, 20.6612, 5.02338, 0, 0
32.5101, 20.6612, 5.02338, 0, 0
32.5135, 20.6612, 5.02338, 0, 0
32.5168, 20.6612, 5.02338, 0, 0
32.5201, 20.6612, 5.02338, 0, 0
32.5234, 20.6612, 5.02338, 0, 0
32.5268, 20.6612, 5.02338, 0, 0
32.5301, 20.6612, 5.02338, 0, 0
32.5334, 20.6612, 5.02338, 0, 0
32.5368, 20.6612, 5.02338, 0, 0
32.5401, 20.6612, 5.02338, 0, 0
32.5434, 20.6612, 5.02338, 0, 0
32.5468, 20.6612, 5.02338, 0, 0
32.5501, 20.6612, 5.02338, 0, 0
32.5534, 20.6612, 5.02338, 0, 0
32.5568, 20.6612, 5.02338, 0, 0
32.5601, 20.6612, 5.02338, 0, 0
32.5635, 20.6612, 5.02338, 0, 0
32.5668, 20.6612, 5.02338, 0, 0
32.5701, 20.6612, 5.02338, 0, 0
32.5734, 20.6612, 5.02338, 0, 0
32.5768, 20.6612, 5.02338, 0, 0
32.5801, 20.6612, 5.02338, 0, 0
32.5835, 20.6612, 5.02338, 0, 0
32.5868, 20.6612, 5.02338, 0, 0
32.5901, 20.6612, 5.02338, 0, 0
32.5934, 20.6612, 5.02338, 0, 0
32.5968, 20.6612, 5.02338, 0, 0
32.6001, 20.6612, 5.02338, 0, 0
32.6035, 20.6612, 5.02338, 0, 0
32.6068, 20.6612, 5.02338, 0, 0
32.6101, 20.6612, 5.02338, 0, 0
32.6134, 20.6612, 5.02338, 0, 0
32.6168, 20.6612, 5.02338, 0, 0
32.6201, 20.6612, 5.02338, 0, 0
32.6235, 20.6612, 5.02338, 0, 0
32.6268, 20.6612, 5.02338, 0, 0
32.6301, 20.6612, 5.02338, 0, 0
32.6335, 20.6612, 5.02338, 0, 0
32.6368, 20.6612, 5.02338, 0, 0
32.6401, 20.6612, 5.02338, 0, 0
32.6434, 20.6612, 5.02338, 0, 0
32.6468, 20.6612, 5.02338, 0, 0
32.6502, 20.6612, 5.02338, 0, 0
32.6535, 20.6612, 5.02338, 0, 0
32.6568, 20.6612, 5.02338, 0, 0
32.6602, 20.6612, 5.02338, 0, 0
32.6635, 20.6612, 5.02338, 0, 0
32.6668, 20.6612, 5.02338, 0, 0
32.6701, 20.6612, 5.02338, 0, 0
32.6734, 20.6612, 5.02338, 0, 0
32.6768, 20.6612, 5.02338, 0, 0
32.6801, 20.6612, 5.02338, 0, 0
32.6835, 20.6612, 5.02338, 0, 0
32.6868, 20.6612, 5.02338, 0, 0
32.6901, 20.6612, 5.02338, 0, 0
32.6934, 20.6612, 5.02338, 0, 0
32.6967, 20.6612, 5.02338, 0, 0
32.7001, 20.6612, 5.02338, 0, 0
32.7034, 20.6612, 5.02338, 0, 0
32.7067, 20.6612, 5.02338, 0, 0
32.7101, 20.6612, 5.02338, 0, 0
32.7134, 20.6612, 5.02338, 0, 0
32.7168, 20.6612, 5.02338, 0, 0
32.7201, 20.6612, 5.02338, 0, 0
32.7235, 20.6612, 5.02338, 0, 0
32.7268, 20.6612, 5.02338, 0, 0
32.7301, 20.6612, 5.02338, 0, 0
32.7334, 20.6612, 5.02338, 0, 0
32.7367, 20.6612, 5.02338, 0, 0
32.7401, 20.6612, 5.02338, 0, 0
32.7434, 20.6612, 5.02338, 0, 0
32.7468, 20.6612, 5.02338, 0, 0
32.7501, 20.6612, 5.02338, 0, 0
32.7534, 20.6612, 5.02338, 0, 0
32.7568, 20.6612, 5.02338, 0, 0
32.7601, 20.6612, 5.02338, 0, 0
32.7634, 20.6612, 5.02338, 0, 0
32.7668, 20.6612, 5.02338, 0, 0
32.7701, 20.6612, 5.02338, 0, 0
32.7734, 20.6612, 5.02338, 0, 0
32.7768, 20.6612, 5.02338, 0, 0
32.7802, 20.6612, 5.02338, 0, 0
32.7834, 20.6612, 5.02338, 0, 0
32.7868, 20.6612, 5.02338, 0, 0
32.7901, 20.6612, 5.02338, 0, 0
32.7934, 20.6612, 5.02338, 0, 0
32.7968, 20.6612, 5.02338, 0, 0
32.8001, 20.6612, 5.02338, 0, 0
32.8035, 20.6612, 5.02338, 0, 0
32.8068, 20.6612, 5.02338, 0, 0
32.8101, 20.6612, 5.02338, 0, 0
32.8134, 20.6612, 5.02338, 0, 0
32.8168, 20.6612, 5.02338, 0, 0
32.8201, 20.6612, 5.02338, 0, 0
32.8235, 20.6612, 5.02338, 0, 0
32.8268, 20.6612, 5.02338, 0, 0
32.8301, 20.6612, 5.02338, 0, 0
32.8334, 20.6612, 5.02338, 0, 0
32.8368, 20.6612, 5.02338, 0, 0
32.8401, 20.6612, 5.02338, 0, 0
32.8435, 20.6612, 5.02338, 0, 0
32.8468, 20.6612, 5.02338, 0, 0
32.8501, 20.6612, 5.02338, 0, 0
32.8535, 20.6612, 5.02338, 0, 0
32.8568, 20.6612, 5.02338, 0, 0
32.8601, 20.6612, 5.02338, 0, 0
32.8634, 20.6612, 5.02338, 0, 0
32.8668, 20.6612, 5.02338, 0, 0
32.8702, 20.6612, 5.02338, 0, 0
32.8735, 20.6612, 5.02338, 0, 0
32.8768, 20.6612, 5.02338, 0, 0
32.8801, 20.6612, 5.02338, 0, 0
32.8835, 20.6612, 5.02338, 0, 0
32.8868, 20.6612, 5.02338, 0, 0
32.8901, 20.6612, 5.02338, 0, 0
32.8935, 20.6612, 5.02338, 0, 0
32.8968, 20.6612, 5.02338, 0, 0
32.9001, 20.6612, 5.02338, 0, 0
32.9035, 20.6612, 5.02338, 0, 0
32.9068, 20.6612, 5.02338, 0, 0
32.9101, 20.6612, 5.02338, 0, 0
32.9135, 20.6612, 5.02338, 0, 0
32.9168, 20.6612, 5.02338, 0, 0
32.9202, 20.6612, 5.02338, 0, 0
32.9234, 20.6612, 5.02338, 0, 0
32.9268, 20.6612, 5.02338, 0, 0
32.9301, 20.6612, 5.02338, 0, 0
32.9334, 20.6612, 5.02338, 0, 0
32.9368, 20.6612, 5.02338, 0, 0
32.9401, 20.6612, 5.02338, 0, 0
32.9434, 20.6612, 5.02338, 0, 0
32.9468, 20.6612, 5.02338, 0, 0
32.9501, 20.6612, 5.02338, 0, 0
32.9534, 20.6612, 5.02338, 0, 0
32.9568, 20.6612, 5.02338, 0, 0
32.9601, 20.6612, 5.02338, 0, 0
32.9635, 20.6612, 5.02338, 0, 0
32.9668, 20.6612, 5.02338, 0, 0
32.9702, 20.6612, 5.02338, 0, 0
32.9734, 20.6612, 5.02338, 0, 0
32.9768, 20.6612, 5.02338, 0, 0
32.9801, 20.6612, 5.02338, 0, 0
32.9834, 20.6612, 5.02338, 0, 0
32.9868, 20.6612, 5.02338, 0, 0
32.9901, 20.6612, 5.02338, 0, 0
32.9934, 20.6612, 5.02338, 0, 0
32.9968, 20.6612, 5.02338, 0, 0
33.0001, 20.6612, 5.02338, 0, 0
33.0035, 20.6612, 5.02338, 0, 0
33.0068, 20.6612, 5.02338, 0, 0
33.0101, 20.6612, 5.02338, 0, 0
33.0135, 20.6612, 5.02338, 0, 0
33.0167, 20.6612, 5.02338, 0, 0
33.0201, 20.6612, 5.02338, 0, 0
33.0234, 20.6612, 5.02338, 0, 0
33.0268, 20.6612, 5.02338, 0, 0
33.0301, 20.6612, 5.02338, 0, 0
33.0334, 20.6612, 5.02338, 0, 0
33.0368, 20.6612, 5.02338, 0, 0
33.0401, 20.6612, 5.02338, 0, 0
33.0435, 20.6612, 5.02338, 0, 0
33.0468, 20.6612, 5.02338, 0, 0
33.0501, 20.6612, 5.02338, 0, 0
33.0535, 20.6612, 5.02338, 0, 0
33.0568, 20.6612, 5.02338, 0, 0
33.0601, 20.6612, 5.02338, 0, 0
33.0635, 20.6612, 5.02338, 0, 0
33.0668, 20.6612, 5.02338, 0, 0
33.0702, 20.6612, 5.02338, 0, 0
33.0734, 20.6612, 5.02338, 0, 0
33.0768, 20.6612, 5.02338, 0, 0
33.0802, 20.6612, 5.02338, 0, 0
33.0835, 20.6612, 5.02338, 0, 0
33.0868, 20.6612, 5.02338, 0, 0
33.0902, 20.6612, 5.02338, 0, 0
33.0935, 20.6612, 5.02338, 0, 0
33.0968, 20.6612, 5.02338, 0, 0
33.1002, 20.6612, 5.02338, 0, 0
33.1035, 20.6612, 5.02338, 0, 0
33.1068, 20.6612, 5.02338, 0, 0
33.1101, 20.6612, 5.02338, 0, 0
33.1135, 20.6612, 5.02338, 0, 0
33.1167, 20.6612, 5.02338, 0, 0
33.1201, 20.6612, 5.02338, 0, 0
33.1235, 20.6612, 5.02338, 0, 0
33.1268, 20.6612, 5.02338, 0, 0
33.1301, 20.6612, 5.02338, 0, 0
33.1335, 20.6612, 5.02338, 0, 0
33.1368, 20.6612, 5.02338, 0, 0
33.1401, 20.6612, 5.02338, 0, 0
33.1434, 20.6612, 5.02338, 0, 0
33.1468, 20.6612, 5.02338, 0, 0
33.1501, 20.6612, 5.02338, 0, 0
33.1534, 20.6612, 5.02338, 0, 0
33.1568, 20.6612, 5.02338, 0, 0
33.1601, 20.6612, 5.02338, 0, 0
33.1634, 20.6612, 5.02338, 0, 0
33.1668, 20.6612, 5.02338, 0, 0
33.1701, 20.6612, 5.02338, 0, 0
33.1734, 20.6612, 5.02338, 0, 0
33.1768, 20.6612, 5.02338, 0, 0
33.1802, 20.6612, 5.02338, 0, 0
33.1834, 20.6612, 5.02338, 0, 0
33.1868, 20.6612, 5.02338, 0, 0
33.1901, 20.6612, 5.02338, 0, 0
33.1935, 20.6612, 5.02338, 0, 0
33.1968, 20.6612, 5.02338, 0, 0
33.2001, 20.6612, 5.02338, 0, 0
33.2034, 20.6612, 5.02338, 0, 0
33.2067, 20.6612, 5.02338, 0, 0
33.2101, 20.6612, 5.02338, 0, 0
33.2134, 20.6612, 5.02338, 0, 0
33.2168, 20.6612, 5.02338, 0, 0
33.2201, 20.6612, 5.02338, 0, 0
33.2234, 20.6612, 5.02338, 0, 0
33.2268, 20.6612, 5.02338, 0, 0
33.2301, 20.6612, 5.02338, 0, 0
33.2334, 20.6612, 5.02338, 0, 0
33.2368, 20.6612, 5.02338, 0, 0
33.2401, 20.6612, 5.02338, 0, 0
33.2434, 20.6612, 5.02338, 0, 0
33.2468, 20.6612, 5.02338, 0, 0
33.2501, 20.6612, 5.02338, 0, 0
33.2534, 20.6612, 5.02338, 0, 0
33.2568, 20.6612, 5.02338, 0, 0
33.2601, 20.6612, 5.02338, 0, 0
33.2634, 20.6612, 5.02338, 0, 0
33.2668, 20.6612, 5.02338, 0, 0
33.2701, 20.6612, 5.02338, 0, 0
33.2734, 20.6612, 5.02338, 0, 0
33.2768, 20.6612, 5.02338, 0, 0
33.2801, 20.6612, 5.02338, 0, 0
33.2835, 20.6612, 5.02338, 0, 0
33.2868, 20.6612, 5.02338, 0, 0
33.2901, 20.6612, 5.02338, 0, 0
33.2934, 20.6612, 5.02338, 0, 0
33.2967, 20.6612, 5.02338, 0, 0
33.3001, 20.6612, 5.02338, 0, 0
33.3034, 20.6612, 5.02338, 0, 0
33.3067, 20.6612, 5.02338, 0, 0
33.3101, 20.6612, 5.02338, 0, 0
33.3134, 20.6612, 5.02338, 0, 0
33.3168, 20.6612, 5.02338, 0, 0
33.3202, 20.6612, 5.02338, 0, 0
33.3234, 20.6612, 5.02338, 0, 0
33.3268, 20.6612, 5.02338, 0, 0
33.3301, 20.6612, 5.02338, 0, 0
33.3335, 20.6612, 5.02338, 0, 0
33.3368, 20.6612, 5.02338, 0, 0
33.3401, 20.6612, 5.02338, 0, 0
33.3435, 20.6612, 5.02338, 0, 0
33.3468, 20.6612, 5.02338, 0, 0
33.3501, 20.6612, 5.02338, 0, 0
33.3535, 20.6612, 5.02338, 0, 0
33.3568, 20.6612, 5.02338, 0, 0
33.3601, 20.6612, 5.02338, 0, 0
33.3634, 20.6612, 5.02338, 0, 0
33.3668, 20.6612, 5.02338, 0, 0
33.3701, 20.6612, 5.02338, 0, 0
33.3734, 20.6612, 5.02338, 0, 0
33.3768, 20.6612, 5.02338, 0, 0
33.3801, 20.6612, 5.02338, 0, 0
33.3834, 20.6612, 5.02338, 0, 0
33.3868, 20.6612, 5.02338, 0, 0
33.3901, 20.6612, 5.02338, 0, 0
33.3935, 20.6612, 5.02338, 0, 0
33.3968, 20.6612, 5.02338, 0, 0
33.4001, 20.6612, 5.02338, 0, 0
33.4035, 20.6612, 5.02338, 0, 0
33.4068, 20.6612, 5.02338, 0, 0
33.4102, 20.6612, 5.02338, 0, 0
33.4135, 20.6612, 5.02338, 0, 0
33.4168, 20.6612, 5.02338, 0, 0
33.4201, 20.6612, 5.02338, 0, 0
33.4234, 20.6612, 5.02338, 0, 0
33.4268, 20.6612, 5.02338, 0, 0
33.4301, 20.6612, 5.02338, 0, 0
33.4335, 20.6612, 5.02338, 0, 0
33.4368, 20.6612, 5.02338, 0, 0
33.4401, 20.6612, 5.02338, 0, 0
33.4434, 20.6612, 5.02338, 0, 0
33.4468, 20.6612, 5.02338, 0, 0
33.4501, 20.6612, 5.02338, 0, 0
33.4534, 20.6612, 5.02338, 0, 0
33.4568, 20.6612, 5.02338, 0, 0
33.4601, 20.6612, 5.02338, 0, 0
33.4634, 20.6612, 5.02338, 0, 0
33.4668, 20.6612, 5.02338, 0, 0
33.4701, 20.6612, 5.02338, 0, 0
33.4735, 20.6612, 5.02338, 0, 0
33.4768, 20.6612, 5.02338, 0, 0
33.4801, 20.6612, 5.02338, 0, 0
33.4834, 20.6612, 5.02338, 0, 0
33.4868, 20.6612, 5.02338, 0, 0
33.4901, 20.6612, 5.02338, 0, 0
33.4935, 20.6612, 5.02338, 0, 0
33.4968, 20.6612, 5.02338, 0, 0
33.5002, 20.6612, 5.02338, 0, 0
33.5035, 20.6612, 5.02338, 0, 0
33.5068, 20.6612, 5.02338, 0, 0
33.5101, 20.6612, 5.02338, 0, 0
33.5134, 20.6612, 5.02338, 0, 0
33.5168, 20.6612, 5.02338, 0, 0
33.5202, 20.6612, 5.02338, 0, 0
33.5234, 20.6612, 5.02338, 0, 0
33.5268, 20.6612, 5.02338, 0, 0
33.5302, 20.6612, 5.02338, 0, 0
33.5335, 20.6612, 5.02338, 0, 0
33.5368, 20.6612, 5.02338, 0, 0
33.5401, 20.6612, 5.02338, 0, 0
33.5434, 20.6612, 5.02338, 0, 0
33.5468, 20.6612, 5.02338, 0, 0
33.5501, 20.6612, 5.02338, 0, 0
33.5535, 20.6612, 5.02338, 0, 0
33.5568, 20.6612, 5.02338, 0, 0
33.5601, 20.6612, 5.02338, 0, 0
33.5634, 20.6612, 5.02338, 0, 0
33.5668, 20.6612, 5.02338, 0, 0
33.5701, 20.6612, 5.02338, 0, 0
33.5735, 20.6612, 5.02338, 0, 0
33.5768, 20.6612, 5.02338, 0, 0
33.5801, 20.6612, 5.02338, 0, 0
33.5835, 20.6612, 5.02338, 0, 0
33.5868, 20.6612, 5.02338, 0, 0
33.5901, 20.6612, 5.02338, 0, 0
33.5935, 20.6612, 5.02338, 0, 0
33.5968, 20.6612, 5.02338, 0, 0
33.6001, 20.6612, 5.02338, 0, 0
33.6035, 20.6612, 5.02338, 0, 0
33.6067, 20.6612, 5.02338, 0, 0
33.6101, 20.6612, 5.02338, 0, 0
33.6134, 20.6612, 5.02338, 0, 0
33.6168, 20.6612, 5.02338, 0, 0
33.6201, 20.6612, 5.02338, 0, 0
33.6234, 20.6612, 5.02338, 0, 0
33.6268, 20.6612, 5.02338, 0, 0
33.6301, 20.6612, 5.02338, 0, 0
33.6334, 20.6612, 5.02338, 0, 0
33.6367, 20.6612, 5.02338, 0, 0
33.6401, 20.6612, 5.02338, 0, 0
33.6435, 20.6612, 5.02338, 0, 0
33.6468, 20.6612, 5.02338, 0, 0
33.6501, 20.6612, 5.02338, 0, 0
33.6534, 20.6612, 5.02338, 0, 0
33.6568, 20.6612, 5.02338, 0, 0
33.6601, 20.6612, 5.02338, 0, 0
33.6634, 20.6612, 5.02338, 0, 0
33.6668, 20.6612, 5.02338, 0, 0
33.6701, 20.6612, 5.02338, 0, 0
33.6735, 20.6612, 5.02338, 0, 0
33.6768, 20.6612, 5.02338, 0, 0
33.6801, 20.6612, 5.02338, 0, 0
33.6835, 20.6612, 5.02338, 0, 0
33.6868, 20.6612, 5.02338, 0, 0
33.6901, 20.6612, 5.02338, 0, 0
33.6935, 20.6612, 5.02338, 0, 0
33.6968, 20.6612, 5.02338, 0, 0
33.7001, 20.6612, 5.02338, 0, 0
33.7034, 20.6612, 5.02338, 0, 0
33.7068, 20.6612, 5.02338, 0, 0
33.7101, 20.6612, 5.02338, 0, 0
33.7135, 20.6612, 5.02338, 0, 0
33.7168, 20.6612, 5.02338, 0, 0
33.7202, 20.6612, 5.02338, 0, 0
33.7235, 20.6612, 5.02338, 0, 0
33.7268, 20.6612, 5.02338, 0, 0
33.7301, 20.6612, 5.02338, 0, 0
33.7334, 20.6612, 5.02338, 0, 0
33.7368, 20.6612, 5.02338, 0, 0
33.7401, 20.6612, 5.02338, 0, 0
33.7435, 20.6612, 5.02338, 0, 0
33.7468, 20.6612, 5.02338, 0, 0
33.7501, 20.6612, 5.02338, 0, 0
33.7535, 20.6612, 5.02338, 0, 0
33.7568, 20.6612, 5.02338, 0, 0
33.7601, 20.6612, 5.02338, 0, 0
33.7634, 20.6612, 5.02338, 0, 0
33.7668, 20.6612, 5.02338, 0, 0
33.7701, 20.6612, 5.02338, 0, 0
33.7735, 20.6612, 5.02338, 0, 0
33.7768, 20.6612, 5.02338, 0, 0
33.7801, 20.6612, 5.02338, 0, 0
33.7835, 20.6612, 5.02338, 0, 0
33.7868, 20.6612, 5.02338, 0, 0
33.7901, 20.6612, 5.02338, 0, 0
33.7935, 20.6612, 5.02338, 0, 0
33.7968, 20.6612, 5.02338, 0, 0
33.8001, 20.6612, 5.02338, 0, 0
33.8035, 20.6612, 5.02338, 0, 0
33.8068, 20.6612, 5.02338, 0, 0
33.8101, 20.6612, 5.02338, 0, 0
33.8135, 20.6612, 5.02338, 0, 0
33.8168, 20.6612, 5.02338, 0, 0
33.8202, 20.6612, 5.02338, 0, 0
33.8234, 20.6612, 5.02338, 0, 0
33.8268, 20.6612, 5.02338, 0, 0
33.8301, 20.6612, 5.02338, 0, 0
33.8335, 20.6612, 5.02338, 0, 0
33.8368, 20.6612, 5.02338, 0, 0
33.8401, 20.6612, 5.02338, 0, 0
33.8434, 20.6612, 5.02338, 0, 0
33.8468, 20.6612, 5.02338, 0, 0
33.8501, 20.6612, 5.02338, 0, 0
33.8535, 20.6612, 5.02338, 0, 0
33.8568, 20.6612, 5.02338, 0, 0
33.8601, 20.6612, 5.02338, 0, 0
33.8634, 20.6612, 5.02338, 0, 0
33.8667, 20.6612, 5.02338, 0, 0
33.8701, 20.6612, 5.02338, 0, 0
33.8735, 20.6612, 5.02338, 0, 0
33.8768, 20.6612, 5.02338, 0, 0
33.8801, 20.6612, 5.02338, 0, 0
33.8835, 20.6612, 5.02338, 0, 0
33.8868, 20.6612, 5.02338, 0, 0
33.8902, 20.6612, 5.02338, 0, 0
33.8934, 20.6612, 5.02338, 0, 0
33.8968, 20.6612, 5.02338, 0, 0
33.9002, 20.6612, 5.02338, 0, 0
33.9035, 20.6612, 5.02338, 0, 0
33.9068, 20.6612, 5.02338, 0, 0
33.9101, 20.6612, 5.02338, 0, 0
33.9135, 20.6612, 5.02338, 0, 0
33.9167, 20.6612, 5.02338, 0, 0
33.9201, 20.6612, 5.02338, 0, 0
33.9234, 20.6612, 5.02338, 0, 0
33.9268, 20.6612, 5.02338, 0, 0
33.9301, 20.6612, 5.02338, 0, 0
33.9334, 20.6612, 5.02338, 0, 0
33.9368, 20.6612, 5.02338, 0, 0
33.9401, 20.6612, 5.02338, 0, 0
33.9434, 20.6612, 5.02338, 0, 0
33.9468, 20.6612, 5.02338, 0, 0
33.9501, 20.6612, 5.02338, 0, 0
33.9535, 20.6612, 5.02338, 0, 0
33.9568, 20.6612, 5.02338, 0, 0
33.9601, 20.6612, 5.02338, 0, 0
33.9635, 20.6612, 5.02338, 0, 0
33.9668, 20.6612, 5.02338, 0, 0
33.9701, 20.6612, 5.02338, 0, 0
33.9735, 20.6612, 5.02338, 0, 0
33.9768, 20.6612, 5.02338, 0, 0
33.9801, 20.6612, 5.02338, 0, 0
33.9834, 20.6612, 5.02338, 0, 0
33.9868, 20.6612, 5.02338, 0, 0
33.9901, 20.6612, 5.02338, 0, 0
33.9935, 20.6612, 5.02338, 0, 0
33.9968, 20.6612, 5.02338, 0, 0
34.0001, 20.6612, 5.02338, 0, 0
34.0034, 20.6612, 5.02338, 0, 0
34.0068, 20.6612, 5.02338, 0, 0
34.0101, 20.6612, 5.02338, 0, 0
34.0134, 20.6612, 5.02338, 0, 0
34.0168, 20.6612, 5.02338, 0, 0
34.0201, 20.6612, 5.02338, 0, 0
34.0235, 20.6612, 5.02338, 0, 0
34.0268, 20.6612, 5.02338, 0, 0
34.0301, 20.6612, 5.02338, 0, 0
34.0334, 20.6612, 5.02338, 0, 0
34.0368, 20.6612, 5.02338, 0, 0
34.0401, 20.6612, 5.02338, 0, 0
34.0434, 20.6612, 5.02338, 0, 0
34.0468, 20.6612, 5.02338, 0, 0
34.0502, 20.6612, 5.02338, 0, 0
34.0535, 20.6612, 5.02338, 0, 0
34.0568, 20.6612, 5.02338, 0, 0
34.0601, 20.6612, 5.02338, 0, 0
34.0634, 20.6612, 5.02338, 0, 0
34.0668, 20.6612, 5.02338, 0, 0
34.0701, 20.6612, 5.02338, 0, 0
34.0734, 20.6612, 5.02338, 0, 0
34.0768, 20.6612, 5.02338, 0, 0
34.0801, 20.6612, 5.02338, 0, 0
34.0834, 20.6612, 5.02338, 0, 0
34.0868, 20.6612, 5.02338, 0, 0
34.0901, 20.6612, 5.02338, 0, 0
34.0935, 20.6612, 5.02338, 0, 0
34.0968, 20.6612, 5.02338, 0, 0
34.1001, 20.6612, 5.02338, 0, 0
34.1034, 20.6612, 5.02338, 0, 0
34.1068, 20.6612, 5.02338, 0, 0
34.1101, 20.6612, 5.02338, 0, 0
34.1134, 20.6612, 5.02338, 0, 0
34.1168, 20.6612, 5.02338, 0, 0
34.1202, 20.6612, 5.02338, 0, 0
34.1235, 20.6612, 5.02338, 0, 0
34.1268, 20.6612, 5.02338, 0, 0
34.1301, 20.6612, 5.02338, 0, 0
34.1335, 20.6612, 5.02338, 0, 0
34.1368, 20.6612, 5.02338, 0, 0
34.1401, 20.6612, 5.02338, 0, 0
34.1434, 20.6612, 5.02338, 0, 0
34.1468, 20.6612, 5.02338, 0, 0
34.1501, 20.6612, 5.02338, 0, 0
34.1534, 20.6612, 5.02338, 0, 0
34.1568, 20.6612, 5.02338, 0, 0
34.1601, 20.6612, 5.02338, 0, 0
34.1635, 20.6612, 5.02338, 0, 0
34.1668, 20.6612, 5.02338, 0, 0
34.1701, 20.6612, 5.02338, 0, 0
34.1734, 20.6612, 5.02338, 0, 0
34.1768, 20.6612, 5.02338, 0, 0
34.1801, 20.6612, 5.02338, 0, 0
34.1834, 20.6612, 5.02338, 0, 0
34.1868, 20.6612, 5.02338, 0, 0
34.1901, 20.6612, 5.02338, 0, 0
34.1935, 20.6612, 5.02338, 0, 0
34.1967, 20.6612, 5.02338, 0, 0
34.2001, 20.6612, 5.02338, 0, 0
34.2035, 20.6612, 5.02338, 0, 0
34.2068, 20.6612, 5.02338, 0, 0
34.2101, 20.6612, 5.02338, 0, 0
34.2134, 20.6612, 5.02338, 0, 0
34.2168, 20.6612, 5.02338, 0, 0
34.2201, 20.6612, 5.02338, 0, 0
34.2234, 20.6612, 5.02338, 0, 0
34.2268, 20.6612, 5.02338, 0, 0
34.2301, 20.6612, 5.02338, 0, 0
34.2334, 20.6612, 5.02338, 0, 0
34.2368, 20.6612, 5.02338, 0, 0
34.2401, 20.6612, 5.02338, 0, 0
34.2435, 20.6612, 5.02338, 0, 0
34.2468, 20.6612, 5.02338, 0, 0
34.2501, 20.6612, 5.02338, 0, 0
34.2535, 20.6612, 5.02338, 0, 0
34.2568, 20.6612, 5.02338, 0, 0
34.2602, 20.6612, 5.02338, 0, 0
34.2634, 20.6612, 5.02338, 0, 0
34.2668, 20.6612, 5.02338, 0, 0
34.2702, 20.6612, 5.02338, 0, 0
34.2735, 20.6612, 5.02338, 0, 0
34.2768, 20.6612, 5.02338, 0, 0
34.2801, 20.6612, 5.02338, 0, 0
34.2834, 20.6612, 5.02338, 0, 0
34.2868, 20.6612, 5.02338, 0, 0
34.2901, 20.6612, 5.02338, 0, 0
34.2935, 20.6612, 5.02338, 0, 0
34.2968, 20.6612, 5.02338, 0, 0
34.3001, 20.6612, 5.02338, 0, 0
34.3034, 20.6612, 5.02338, 0, 0
34.3068, 20.6612, 5.02338, 0, 0
34.3101, 20.6612, 5.02338, 0, 0
34.3134, 20.6612, 5.02338, 0, 0
34.3168, 20.6612, 5.02338, 0, 0
34.3201, 20.6612, 5.02338, 0, 0
34.3234, 20.6612, 5.02338, 0, 0
34.3268, 20.6612, 5.02338, 0, 0
34.3301, 20.6612, 5.02338, 0, 0
34.3335, 20.6612, 5.02338, 0, 0
34.3368, 20.6612, 5.02338, 0, 0
34.3401, 20.6612, 5.02338, 0, 0
34.3435, 20.6612, 5.02338, 0, 0
34.3468, 20.6612, 5.02338, 0, 0
34.3501, 20.6612, 5.02338, 0, 0
34.3534, 20.6612, 5.02338, 0, 0
34.3568, 20.6612, 5.02338, 0, 0
34.3601, 20.6612, 5.02338, 0, 0
34.3634, 20.6612, 5.02338, 0, 0
34.3668, 20.6612, 5.02338, 0, 0
34.3701, 20.6612, 5.02338, 0, 0
34.3735, 20.6612, 5.02338, 0, 0
34.3768, 20.6612, 5.02338, 0, 0
34.3802, 20.6612, 5.02338, 0, 0
34.3834, 20.6612, 5.02338, 0, 0
34.3868, 20.6612, 5.02338, 0, 0
34.3901, 20.6612, 5.02338, 0, 0
34.3935, 20.6612, 5.02338, 0, 0
34.3968, 20.6612, 5.02338, 0, 0
34.4001, 20.6612, 5.02338, 0, 0
34.4035, 20.6612, 5.02338, 0, 0
34.4068, 20.6612, 5.02338, 0, 0
34.4101, 20.6612, 5.02338, 0, 0
34.4135, 20.6612, 5.02338, 0, 0
34.4168, 20.6612, 5.02338, 0, 0
34.4201, 20.6612, 5.02338, 0, 0
34.4235, 20.6612, 5.02338, 0, 0
34.4268, 20.6612, 5.02338, 0, 0
34.4301, 20.6612, 5.02338, 0, 0
34.4335, 20.6612, 5.02338, 0, 0
34.4368, 20.6612, 5.02338, 0, 0
34.4401, 20.6612, 5.02338, 0, 0
34.4434, 20.6612, 5.02338, 0, 0
34.4468, 20.6612, 5.02338, 0, 0
34.4501, 20.6612, 5.02338, 0, 0
34.4535, 20.6612, 5.02338, 0, 0
34.4568, 20.6612, 5.02338, 0, 0
34.4601, 20.6612, 5.02338, 0, 0
34.4634, 20.6612, 5.02338, 0, 0
34.4668, 20.6612, 5.02338, 0, 0
34.4701, 20.6612, 5.02338, 0, 0
34.4734, 20.6612, 5.02338, 0, 0
34.4767, 20.6612, 5.02338, 0, 0
34.4801, 20.6612, 5.02338, 0, 0
34.4834, 20.6612, 5.02338, 0, 0
34.4868, 20.6612, 5.02338, 0, 0
34.4901, 20.6612, 5.02338, 0, 0
34.4935, 20.6612, 5.02338, 0, 0
34.4967, 20.6612, 5.02338, 0, 0
34.5002, 20.6612, 5.02338, 0, 0
34.5035, 20.6612, 5.02338, 0, 0
34.5068, 20.6612, 5.02338, 0, 0
34.5101, 20.6612, 5.02338, 0, 0
34.5135, 20.6612, 5.02338, 0, 0
34.5167, 20.6612, 5.02338, 0, 0
34.5201, 20.6612, 5.02338, 0, 0
34.5235, 20.6612, 5.02338, 0, 0
34.5268, 20.6612, 5.02338, 0, 0
34.5301, 20.6612, 5.02338, 0, 0
34.5335, 20.6612, 5.02338, 0, 0
34.5368, 20.6612, 5.02338, 0, 0
34.5402, 20.6612, 5.02338, 0, 0
34.5435, 20.6612, 5.02338, 0, 0
34.5469, 20.6612, 5.02338, 0, 0
34.5502, 20.6612, 5.02338, 0, 0
34.5534, 20.6612, 5.02338, 0, 0
34.5567, 20.6612, 5.02338, 0, 0
34.5601, 20.6612, 5.02338, 0, 0
34.5635, 20.6612, 5.02338, 0, 0
34.5668, 20.6612, 5.02338, 0, 0
34.5701, 20.6612, 5.02338, 0, 0
34.5734, 20.6612, 5.02338, 0, 0
34.5767, 20.6612, 5.02338, 0, 0
34.5801, 20.6612, 5.02338, 0, 0
34.5834, 20.6612, 5.02338, 0, 0
34.5868, 20.6612, 5.02338, 0, 0
34.5901, 20.6612, 5.02338, 0, 0
34.5935, 20.6612, 5.02338, 0, 0
34.5967, 20.6612, 5.02338, 0, 0
34.6002, 20.6612, 5.02338, 0, 0
34.6035, 20.6612, 5.02338, 0, 0
34.6068, 20.6612, 5.02338, 0, 0
34.6101, 20.6612, 5.02338, 0, 0
34.6135, 20.6612, 5.02338, 0, 0
34.6167, 20.6612, 5.02338, 0, 0
34.6201, 20.6612, 5.02338, 0, 0
34.6235, 20.6612, 5.02338, 0, 0
34.6268, 20.6612, 5.02338, 0, 0
34.6301, 20.6612, 5.02338, 0, 0
34.6335, 20.6612, 5.02338, 0, 0
34.6367, 20.6612, 5.02338, 0, 0
34.6401, 20.6612, 5.02338, 0, 0
34.6435, 20.6612, 5.02338, 0, 0
34.6468, 20.6612, 5.02338, 0, 0
34.6501, 20.6612, 5.02338, 0, 0
34.6535, 20.6612, 5.02338, 0, 0
34.6567, 20.6612, 5.02338, 0, 0
34.6601, 20.6612, 5.02338, 0, 0
34.6634, 20.6612, 5.02338, 0, 0
34.6667, 20.6612, 5.02338, 0, 0
34.6701, 20.6612, 5.02338, 0, 0
34.6735, 20.6612, 5.02338, 0, 0
34.6767, 20.6612, 5.02338, 0, 0
34.6802, 20.6612, 5.02338, 0, 0
34.6835, 20.6612, 5.02338, 0, 0
34.6868, 20.6612, 5.02338, 0, 0
34.6902, 20.6612, 5.02338, 0, 0
34.6935, 20.6612, 5.02338, 0, 0
34.6967, 20.6612, 5.02338, 0, 0
34.7002, 20.6612, 5.02338, 0, 0
34.7035, 20.6612, 5.02338, 0, 0
34.7068, 20.6612, 5.02338, 0, 0
34.7101, 20.6612, 5.02338, 0, 0
34.7135, 20.6612, 5.02338, 0, 0
34.7168, 20.6612, 5.02338, 0, 0
34.7201, 20.6612, 5.02338, 0, 0
34.7235, 20.6612, 5.02338, 0, 0
34.7268, 20.6612, 5.02338, 0, 0
34.7301, 20.6612, 5.02338, 0, 0
34.7335, 20.6612, 5.02338, 0, 0
34.7368, 20.6612, 5.02338, 0, 0
34.7401, 20.6612, 5.02338, 0, 0
34.7434, 20.6612, 5.02338, 0, 0
34.7467, 20.6612, 5.02338, 0, 0
34.7501, 20.6612, 5.02338, 0, 0
34.7534, 20.6612, 5.02338, 0, 0
34.7568, 20.6612, 5.02338, 0, 0
34.7601, 20.6612, 5.02338, 0, 0
34.7634, 20.6612, 5.02338, 0, 0
34.7668, 20.6612, 5.02338, 0, 0
34.7701, 20.6612, 5.02338, 0, 0
34.7734, 20.6612, 5.02338, 0, 0
34.7768, 20.6612, 5.02338, 0, 0
34.7801, 20.6612, 5.02338, 0, 0
34.7835, 20.6612, 5.02338, 0, 0
34.7868, 20.6612, 5.02338, 0, 0
34.7901, 20.6612, 5.02338, 0, 0
34.7935, 20.6612, 5.02338, 0, 0
34.7968, 20.6612, 5.02338, 0, 0
34.8002, 20.6612, 5.02338, 0, 0
34.8035, 20.6612, 5.02338, 0, 0
34.8068, 20.6612, 5.02338, 0, 0
34.8102, 20.6612, 5.02338, 0, 0
34.8135, 20.6612, 5.02338, 0, 0
34.8167, 20.6612, 5.02338, 0, 0
34.8201, 20.6612, 5.02338, 0, 0
34.8235, 20.6612, 5.02338, 0, 0
34.8268, 20.6612, 5.02338, 0, 0
34.8301, 20.6612, 5.02338, 0, 0
34.8335, 20.6612, 5.02338, 0, 0
34.8368, 20.6612, 5.02338, 0, 0
34.8401, 20.6612, 5.02338, 0, 0
34.8435, 20.6612, 5.02338, 0, 0
34.8468, 20.6612, 5.02338, 0, 0
34.8501, 20.6612, 5.02338, 0, 0
34.8535, 20.6612, 5.02338, 0, 0
34.8568, 20.6612, 5.02338, 0, 0
34.8601, 20.6612, 5.02338, 0, 0
34.8634, 20.6612, 5.02338, 0, 0
34.8668, 20.6612, 5.02338, 0, 0
34.8701, 20.6612, 5.02338, 0, 0
34.8735, 20.6612, 5.02338, 0, 0
34.8768, 20.6612, 5.02338, 0, 0
34.8801, 20.6612, 5.02338, 0, 0
34.8835, 20.6612, 5.02338, 0, 0
34.8868, 20.6612, 5.02338, 0, 0
34.8901, 20.6612, 5.02338, 0, 0
34.8935, 20.6612, 5.02338, 0, 0
34.8968, 20.6612, 5.02338, 0, 0
34.9002, 20.6612, 5.02338, 0, 0
34.9035, 20.6612, 5.02338, 0, 0
34.9068, 20.6612, 5.02338, 0, 0
34.9101, 20.6612, 5.02338, 0, 0
34.9135, 20.6612, 5.02338, 0, 0
34.9168, 20.6612, 5.02338, 0, 0
34.9202, 20.6612, 5.02338, 0, 0
34.9234, 20.6612, 5.02338, 0, 0
34.9268, 20.6612, 5.02338, 0, 0
34.9301, 20.6612, 5.02338, 0, 0
34.9335, 20.6612, 5.02338, 0, 0
34.9368, 20.6612, 5.02338, 0, 0
34.9401, 20.6612, 5.02338, 0, 0
34.9434, 20.6612, 5.02338, 0, 0
34.9468, 20.6612, 5.02338, 0, 0
34.9501, 20.6612, 5.02338, 0, 0
34.9535, 20.6612, 5.02338, 0, 0
34.9568, 20.6612, 5.02338, 0, 0
34.9601, 20.6612, 5.02338, 0, 0
34.9635, 20.6612, 5.02338, 0, 0
34.9668, 20.6612, 5.02338, 0, 0
34.9701, 20.6612, 5.02338, 0, 0
34.9735, 20.6612, 5.02338, 0, 0
34.9768, 20.6612, 5.02338, 0, 0
34.9801, 20.6612, 5.02338, 0, 0
34.9835, 20.6612, 5.02338, 0, 0
34.9868, 20.6612, 5.02338, 0, 0
34.9901, 20.6612, 5.02338, 0, 0
34.9935, 20.6612, 5.02338, 0, 0
34.9968, 20.6612, 5.02338, 0, 0
35.0001, 20.6612, 5.02338, 0, 0
35.0035, 20.6612, 5.02338, 0, 0
35.0068, 20.6612, 5.02338, 0, 0
35.0101, 20.6612, 5.02338, 0, 0
35.0135, 20.6612, 5.02338, 0, 0
35.0168, 20.6612, 5.02338, 0, 0
35.0202, 20.6612, 5.02338, 0, 0
35.0235, 20.6612, 5.02338, 0, 0
35.0268, 20.6612, 5.02338, 0, 0
35.0302, 20.6612, 5.02338, 0, 0
35.0335, 20.6612, 5.02338, 0, 0
35.0368, 20.6612, 5.02338, 0, 0
35.0401, 20.6612, 5.02338, 0, 0
35.0434, 20.6612, 5.02338, 0, 0
35.0468, 20.6612, 5.02338, 0, 0
35.0501, 20.6612, 5.02338, 0, 0
35.0535, 20.6612, 5.02338, 0, 0
35.0568, 20.6612, 5.02338, 0, 0
35.0601, 20.6612, 5.02338, 0, 0
35.0634, 20.6612, 5.02338, 0, 0
35.0668, 20.6612, 5.02338, 0, 0
35.0701, 20.6612, 5.02338, 0, 0
35.0734, 20.6612, 5.02338, 0, 0
35.0767, 20.6612, 5.02338, 0, 0
35.0802, 20.6612, 5.02338, 0, 0
35.0835, 20.6612, 5.02338, 0, 0
35.0868, 20.6612, 5.02338, 0, 0
35.0901, 20.6612, 5.02338, 0, 0
35.0935, 20.6612, 5.02338, 0, 0
35.0968, 20.6612, 5.02338, 0, 0
35.1001, 20.6612, 5.02338, 0, 0
35.1034, 20.6612, 5.02338, 0, 0
35.1068, 20.6612, 5.02338, 0, 0
35.1102, 20.6612, 5.02338, 0, 0
35.1135, 20.6612, 5.02338, 0, 0
35.1168, 20.6612, 5.02338, 0, 0
35.1202, 20.6612, 5.02338, 0, 0
35.1235, 20.6612, 5.02338, 0, 0
35.1268, 20.6612, 5.02338, 0, 0
35.1301, 20.6612, 5.02338, 0, 0
35.1334, 20.6612, 5.02338, 0, 0
35.1368, 20.6612, 5.02338, 0, 0
35.1401, 20.6612, 5.02338, 0, 0
35.1434, 20.6612, 5.02338, 0, 0
35.1468, 20.6612, 5.02338, 0, 0
35.1501, 20.6612, 5.02338, 0, 0
35.1535, 20.6612, 5.02338, 0, 0
35.1567, 20.6612, 5.02338, 0, 0
35.1601, 20.6612, 5.02338, 0, 0
35.1635, 20.6612, 5.02338, 0, 0
35.1668, 20.6612, 5.02338, 0, 0
35.1701, 20.6612, 5.02338, 0, 0
35.1735, 20.6612, 5.02338, 0, 0
35.1767, 20.6612, 5.02338, 0, 0
35.1801, 20.6612, 5.02338, 0, 0
35.1835, 20.6612, 5.02338, 0, 0
35.1868, 20.6612, 5.02338, 0, 0
35.1901, 20.6612, 5.02338, 0, 0
35.1935, 20.6612, 5.02338, 0, 0
35.1968, 20.6612, 5.02338, 0, 0
35.2001, 20.6612, 5.02338, 0, 0
35.2035, 20.6612, 5.02338, 0, 0
35.2067, 20.6612, 5.02338, 0, 0
35.2101, 20.6612, 5.02338, 0, 0
35.2135, 20.6612, 5.02338, 0, 0
35.2167, 20.6612, 5.02338, 0, 0
35.2201, 20.6612, 5.02338, 0, 0
35.2235, 20.6612, 5.02338, 0, 0
35.2268, 20.6612, 5.02338, 0, 0
35.2302, 20.6612, 5.02338, 0, 0
35.2335, 20.6612, 5.02338, 0, 0
35.2368, 20.6612, 5.02338, 0, 0
35.2402, 20.6612, 5.02338, 0, 0
35.2434, 20.6612, 5.02338, 0, 0
35.2468, 20.6612, 5.02338, 0, 0
35.2501, 20.6612, 5.02338, 0, 0
35.2534, 20.6612, 5.02338, 0, 0
35.2568, 20.6612, 5.02338, 0, 0
35.2601, 20.6612, 5.02338, 0, 0
35.2635, 20.6612, 5.02338, 0, 0
35.2668, 20.6612, 5.02338, 0, 0
35.2701, 20.6612, 5.02338, 0, 0
35.2735, 20.6612, 5.02338, 0, 0
35.2768, 20.6612, 5.02338, 0, 0
35.2801, 20.6612, 5.02338, 0, 0
35.2834, 20.6612, 5.02338, 0, 0
35.2868, 20.6612, 5.02338, 0, 0
35.2901, 20.6612, 5.02338, 0, 0
35.2935, 20.6612, 5.02338, 0, 0
35.2968, 20.6612, 5.02338, 0, 0
35.3001, 20.6612, 5.02338, 0, 0
35.3035, 20.6612, 5.02338, 0, 0
35.3068, 20.6612, 5.02338, 0, 0
35.3101, 20.6612, 5.02338, 0, 0
35.3135, 20.6612, 5.02338, 0, 0
35.3168, 20.6612, 5.02338, 0, 0
35.3202, 20.6612, 5.02338, 0, 0
35.3235, 20.6612, 5.02338, 0, 0
35.3268, 20.6612, 5.02338, 0, 0
35.3302, 20.6612, 5.02338, 0, 0
35.3335, 20.6612, 5.02338, 0, 0
35.3368, 20.6612, 5.02338, 0, 0
35.3401, 20.6612, 5.02338, 0, 0
35.3434, 20.6612, 5.02338, 0, 0
35.3468, 20.6612, 5.02338, 0, 0
35.3501, 20.6612, 5.02338, 0, 0
35.3535, 20.6612, 5.02338, 0, 0
35.3568, 20.6612, 5.02338, 0, 0
35.3601, 20.6612, 5.02338, 0, 0
35.3635, 20.6612, 5.02338, 0, 0
35.3668, 20.6612, 5.02338, 0, 0
35.3701, 20.6612, 5.02338, 0, 0
35.3735, 20.6612, 5.02338, 0, 0
35.3768, 20.6612, 5.02338, 0, 0
35.3801, 20.6612, 5.02338, 0, 0
35.3834, 20.6612, 5.02338, 0, 0
35.3868, 20.6612, 5.02338, 0, 0
35.3901, 20.6612, 5.02338, 0, 0
35.3935, 20.6612, 5.02338, 0, 0
35.3968, 20.6612, 5.02338, 0, 0
35.4001, 20.6612, 5.02338, 0, 0
35.4035, 20.6612, 5.02338, 0, 0
35.4068, 20.6612, 5.02338, 0, 0
35.4101, 20.6612, 5.02338, 0, 0
35.4134, 20.6612, 5.02338, 0, 0
35.4168, 20.6612, 5.02338, 0, 0
35.4201, 20.6612, 5.02338, 0, 0
35.4235, 20.6612, 5.02338, 0, 0
35.4268, 20.6612, 5.02338, 0, 0
35.4301, 20.6612, 5.02338, 0, 0
35.4334, 20.6612, 5.02338, 0, 0
35.4368, 20.6612, 5.02338, 0, 0
35.4401, 20.6612, 5.02338, 0, 0
35.4434, 20.6612, 5.02338, 0, 0
35.4468, 20.6612, 5.02338, 0, 0
35.4501, 20.6612, 5.02338, 0, 0
35.4535, 20.6612, 5.02338, 0, 0
35.4568, 20.6612, 5.02338, 0, 0
35.4601, 20.6612, 5.02338, 0, 0
35.4635, 20.6612, 5.02338, 0, 0
35.4668, 20.6612, 5.02338, 0, 0
35.4701, 20.6612, 5.02338, 0, 0
35.4734, 20.6612, 5.02338, 0, 0
35.4768, 20.6612, 5.02338, 0, 0
35.4801, 20.6612, 5.02338, 0, 0
35.4835, 20.6612, 5.02338, 0, 0
35.4868, 20.6612, 5.02338, 0, 0
35.4901, 20.6612, 5.02338, 0, 0
35.4934, 20.6612, 5.02338, 0, 0
35.4968, 20.6612, 5.02338, 0, 0
35.5001, 20.6612, 5.02338, 0, 0
35.5034, 20.6612, 5.02338, 0, 0
35.5068, 20.6612, 5.02338, 0, 0
35.5101, 20.6612, 5.02338, 0, 0
35.5134, 20.6612, 5.02338, 0, 0
35.5167, 20.6612, 5.02338, 0, 0
35.5201, 20.6612, 5.02338, 0, 0
35.5235, 20.6612, 5.02338, 0, 0
35.5268, 20.6612, 5.02338, 0, 0
35.5301, 20.6612, 5.02338, 0, 0
35.5335, 20.6612, 5.02338, 0, 0
35.5368, 20.6612, 5.02338, 0, 0
35.5401, 20.6612, 5.02338, 0, 0
35.5435, 20.6612, 5.02338, 0, 0
35.5468, 20.6612, 5.02338, 0, 0
35.5501, 20.6612, 5.02338, 0, 0
35.5534, 20.6612, 5.02338, 0, 0
35.5568, 20.6612, 5.02338, 0, 0
35.5601, 20.6612, 5.02338, 0, 0
35.5634, 20.6612, 5.02338, 0, 0
35.5668, 20.6612, 5.02338, 0, 0
35.5701, 20.6612, 5.02338, 0, 0
35.5735, 20.6612, 5.02338, 0, 0
35.5768, 20.6612, 5.02338, 0, 0
35.5801, 20.6612, 5.02338, 0, 0
35.5835, 20.6612, 5.02338, 0, 0
35.5868, 20.6612, 5.02338, 0, 0
35.5901, 20.6612, 5.02338, 0, 0
35.5935, 20.6612, 5.02338, 0, 0
35.5968, 20.6612, 5.02338, 0, 0
35.6001, 20.6612, 5.02338, 0, 0
35.6034, 20.6612, 5.02338, 0, 0
35.6068, 20.6612, 5.02338, 0, 0
35.6101, 20.6612, 5.02338, 0, 0
35.6134, 20.6612, 5.02338, 0, 0
35.6167, 20.6612, 5.02338, 0, 0
35.6201, 20.6612, 5.02338, 0, 0
35.6235, 20.6612, 5.02338, 0, 0
35.6268, 20.6612, 5.02338, 0, 0
35.6301, 20.6612, 5.02338, 0, 0
35.6335, 20.6612, 5.02338, 0, 0
35.6368, 20.6612, 5.02338, 0, 0
35.6401, 20.6612, 5.02338, 0, 0
35.6434, 20.6612, 5.02338, 0, 0
35.6468, 20.6612, 5.02338, 0, 0
35.6501, 20.6612, 5.02338, 0, 0
35.6534, 20.6612, 5.02338, 0, 0
35.6567, 20.6612, 5.02338, 0, 0
35.6601, 20.6612, 5.02338, 0, 0
35.6635, 20.6612, 5.02338, 0, 0
35.6668, 20.6612, 5.02338, 0, 0
35.6701, 20.6612, 5.02338, 0, 0
35.6734, 20.6612, 5.02338, 0, 0
35.6768, 20.6612, 5.02338, 0, 0
35.6801, 20.6612, 5.02338, 0, 0
35.6835, 20.6612, 5.02338, 0, 0
35.6868, 20.6612, 5.02338, 0, 0
35.6901, 20.6612, 5.02338, 0, 0
35.6935, 20.6612, 5.02338, 0, 0
35.6968, 20.6612, 5.02338, 0, 0
35.7001, 20.6612, 5.02338, 0, 0
35.7034, 20.6612, 5.02338, 0, 0
35.7068, 20.6612, 5.02338, 0, 0
35.7101, 20.6612, 5.02338, 0, 0
35.7134, 20.6612, 5.02338, 0, 0
35.7168, 20.6612, 5.02338, 0, 0
35.7201, 20.6612, 5.02338, 0, 0
35.7235, 20.6612, 5.02338, 0, 0
35.7268, 20.6612, 5.02338, 0, 0
35.7301, 20.6612, 5.02338, 0, 0
35.7335, 20.6612, 5.02338, 0, 0
35.7368, 20.6612, 5.02338, 0, 0
35.7401, 20.6612, 5.02338, 0, 0
35.7435, 20.6612, 5.02338, 0, 0
35.7468, 20.6612, 5.02338, 0, 0
35.7501, 20.6612, 5.02338, 0, 0
35.7534, 20.6612, 5.02338, 0, 0
35.7568, 20.6612, 5.02338, 0, 0
35.7601, 20.6612, 5.02338, 0, 0
35.7635, 20.6612, 5.02338, 0, 0
35.7668, 20.6612, 5.02338, 0, 0
35.7701, 20.6612, 5.02338, 0, 0
35.7734, 20.6612, 5.02338, 0, 0
35.7768, 20.6612, 5.02338, 0, 0
35.7802, 20.6612, 5.02338, 0, 0
35.7835, 20.6612, 5.02338, 0, 0
35.7868, 20.6612, 5.02338, 0, 0
35.7901, 20.6612, 5.02338, 0, 0
35.7935, 20.6612, 5.02338, 0, 0
35.7968, 20.6612, 5.02338, 0, 0
35.8001, 20.6612, 5.02338, 0, 0
35.8035, 20.6612, 5.02338, 0, 0
35.8068, 20.6612, 5.02338, 0, 0
35.8101, 20.6612, 5.02338, 0, 0
35.8135, 20.6612, 5.02338, 0, 0
35.8167, 20.6612, 5.02338, 0, 0
35.8201, 20.6612, 5.02338, 0, 0
35.8234, 20.6612, 5.02338, 0, 0
35.8268, 20.6612, 5.02338, 0, 0
35.8301, 20.6612, 5.02338, 0, 0
35.8334, 20.6612, 5.02338, 0, 0
35.8368, 20.6612, 5.02338, 0, 0
35.8401, 20.6612, 5.02338, 0, 0
35.8434, 20.6612, 5.02338, 0, 0
35.8468, 20.6612, 5.02338, 0, 0
35.8501, 20.6612, 5.02338, 0, 0
35.8534, 20.6612, 5.02338, 0, 0
35.8567, 20.6612, 5.02338, 0, 0
35.8601, 20.6612, 5.02338, 0, 0
35.8634, 20.6612, 5.02338, 0, 0
35.8668, 20.6612, 5.02338, 0, 0
35.8702, 20.6612, 5.02338, 0, 0
35.8734, 20.6612, 5.02338, 0, 0
35.8768, 20.6612, 5.02338, 0, 0
35.8802, 20.6612, 5.02338, 0, 0
35.8835, 20.6612, 5.02338, 0, 0
35.8868, 20.6612, 5.02338, 0, 0
35.8902, 20.6612, 5.02338, 0, 0
35.8935, 20.6612, 5.02338, 0, 0
35.8968, 20.6612, 5.02338, 0, 0
35.9001, 20.6612, 5.02338, 0, 0
35.9035, 20.6612, 5.02338, 0, 0
35.9068, 20.6612, 5.02338, 0, 0
35.9101, 20.6612, 5.02338, 0, 0
35.9134, 20.6612, 5.02338, 0, 0
35.9167, 20.6612, 5.02338, 0, 0
35.9201, 20.6612, 5.02338, 0, 0
35.9235, 20.6612, 5.02338, 0, 0
35.9268, 20.6612, 5.02338, 0, 0
35.9301, 20.6612, 5.02338, 0, 0
35.9335, 20.6612, 5.02338, 0, 0
35.9367, 20.6612, 5.02338, 0, 0
35.9401, 20.6612, 5.02338, 0, 0
35.9434, 20.6612, 5.02338, 0, 0
35.9468, 20.6612, 5.02338, 0, 0
35.9501, 20.6612, 5.02338, 0, 0
35.9534, 20.6612, 5.02338, 0, 0
35.9568, 20.6612, 5.02338, 0, 0
35.9601, 20.6612, 5.02338, 0, 0
35.9634, 20.6612, 5.02338, 0, 0
35.9667, 20.6612, 5.02338, 0, 0
35.9702, 20.6612, 5.02338, 0, 0
35.9734, 20.6612, 5.02338, 0, 0
35.9768, 20.6612, 5.02338, 0, 0
35.9802, 20.6612, 5.02338, 0, 0
35.9835, 20.6612, 5.02338, 0, 0
35.9868, 20.6612, 5.02338, 0, 0
35.9902, 20.6612, 5.02338, 0, 0
35.9935, 20.6612, 5.02338, 0, 0
35.9968, 20.6612, 5.02338, 0, 0
36.0001, 20.6612, 5.02338, 0, 0
36.0034, 20.6612, 5.02338, 0, 0
36.0068, 20.6612, 5.02338, 0, 0
36.0101, 20.6612, 5.02338, 0, 0
36.0135, 20.6612, 5.02338, 0, 0
36.0168, 20.6612, 5.02338, 0, 0
36.0201, 20.6612, 5.02338, 0, 0
36.0235, 20.6612, 5.02338, 0, 0
36.0268, 20.6612, 5.02338, 0, 0
36.0301, 20.6612, 5.02338, 0, 0
36.0334, 20.6612, 5.02338, 0, 0
36.0368, 20.6612, 5.02338, 0, 0
36.0401, 20.6612, 5.02338, 0, 0
36.0434, 20.6612, 5.02338, 0, 0
36.0468, 20.6612, 5.02338, 0, 0
36.0501, 20.6612, 5.02338, 0, 0
36.0534, 20.6612, 5.02338, 0, 0
36.0568, 20.6612, 5.02338, 0, 0
36.0601, 20.6612, 5.02338, 0, 0
36.0635, 20.6612, 5.02338, 0, 0
36.0668, 20.6612, 5.02338, 0, 0
36.0702, 20.6612, 5.02338, 0, 0
36.0735, 20.6612, 5.02338, 0, 0
36.0768, 20.6612, 5.02338, 0, 0
36.0802, 20.6612, 5.02338, 0, 0
36.0835, 20.6612, 5.02338, 0, 0
36.0868, 20.6612, 5.02338, 0, 0
36.0901, 20.6612, 5.02338, 0, 0
36.0934, 20.6612, 5.02338, 0, 0
36.0968, 20.6612, 5.02338, 0, 0
36.1002, 20.6612, 5.02338, 0, 0
36.1035, 20.6612, 5.02338, 0, 0
36.1068, 20.6612, 5.02338, 0, 0
36.1101, 20.6612, 5.02338, 0, 0
36.1135, 20.6612, 5.02338, 0, 0
36.1168, 20.6612, 5.02338, 0, 0
36.1201, 20.6612, 5.02338, 0, 0
36.1234, 20.6612, 5.02338, 0, 0
36.1268, 20.6612, 5.02338, 0, 0
36.1301, 20.6612, 5.02338, 0, 0
36.1335, 20.6612, 5.02338, 0, 0
36.1368, 20.6612, 5.02338, 0, 0
36.1401, 20.6612, 5.02338, 0, 0
36.1435, 20.6612, 5.02338, 0, 0
36.1468, 20.6612, 5.02338, 0, 0
36.1501, 20.6612, 5.02338, 0, 0
36.1534, 20.6612, 5.02338, 0, 0
36.1568, 20.6612, 5.02338, 0, 0
36.1601, 20.6612, 5.02338, 0, 0
36.1635, 20.6612, 5.02338, 0, 0
36.1668, 20.6612, 5.02338, 0, 0
36.1701, 20.6612, 5.02338, 0, 0
36.1734, 20.6612, 5.02338, 0, 0
36.1768, 20.6612, 5.02338, 0, 0
36.1802, 20.6612, 5.02338, 0, 0
36.1835, 20.6612, 5.02338, 0, 0
36.1868, 20.6612, 5.02338, 0, 0
36.1901, 20.6612, 5.02338, 0, 0
36.1934, 20.6612, 5.02338, 0, 0
36.1968, 20.6612, 5.02338, 0, 0
36.2001, 20.6612, 5.02338, 0, 0
36.2035, 20.6612, 5.02338, 0, 0
36.2068, 20.6612, 5.02338, 0, 0
36.2101, 20.6612, 5.02338, 0, 0
36.2135, 20.6612, 5.02338, 0, 0
36.2168, 20.6612, 5.02338, 0, 0
36.2201, 20.6612, 5.02338, 0, 0
36.2235, 20.6612, 5.02338, 0, 0
36.2268, 20.6612, 5.02338, 0, 0
36.2301, 20.6612, 5.02338, 0, 0
36.2334, 20.6612, 5.02338, 0, 0
36.2368, 20.6612, 5.02338, 0, 0
36.2401, 20.6612, 5.02338, 0, 0
36.2435, 20.6612, 5.02338, 0, 0
36.2468, 20.6612, 5.02338, 0, 0
36.2501, 20.6612, 5.02338, 0, 0
36.2535, 20.6612, 5.02338, 0, 0
36.2568, 20.6612, 5.02338, 0, 0
36.2601, 20.6612, 5.02338, 0, 0
36.2635, 20.6612, 5.02338, 0, 0
36.2668, 20.6612, 5.02338, 0, 0
36.2701, 20.6612, 5.02338, 0, 0
36.2735, 20.6612, 5.02338, 0, 0
36.2768, 20.6612, 5.02338, 0, 0
36.2801, 20.6612, 5.02338, 0, 0
36.2835, 20.6612, 5.02338, 0, 0
36.2868, 20.6612, 5.02338, 0, 0
36.2901, 20.6612, 5.02338, 0, 0
36.2934, 20.6612, 5.02338, 0, 0
36.2968, 20.6612, 5.02338, 0, 0
36.3002, 20.6612, 5.02338, 0, 0
36.3035, 20.6612, 5.02338, 0, 0
36.3068, 20.6612, 5.02338, 0, 0
36.3102, 20.6612, 5.02338, 0, 0
36.3135, 20.6612, 5.02338, 0, 0
36.3168, 20.6612, 5.02338, 0, 0
36.3201, 20.6612, 5.02338, 0, 0
36.3235, 20.6612, 5.02338, 0, 0
36.3268, 20.6612, 5.02338, 0, 0
36.3302, 20.6612, 5.02338, 0, 0
36.3335, 20.6612, 5.02338, 0, 0
36.3368, 20.6612, 5.02338, 0, 0
36.3401, 20.6612, 5.02338, 0, 0
36.3435, 20.6612, 5.02338, 0, 0
36.3468, 20.6612, 5.02338, 0, 0
36.3501, 20.6612, 5.02338, 0, 0
36.3535, 20.6612, 5.02338, 0, 0
36.3568, 20.6612, 5.02338, 0, 0
36.3601, 20.6612, 5.02338, 0, 0
36.3634, 20.6612, 5.02338, 0, 0
36.3668, 20.6612, 5.02338, 0, 0
36.3701, 20.6612, 5.02338, 0, 0
36.3734, 20.6612, 5.02338, 0, 0
36.3768, 20.6612, 5.02338, 0, 0
36.3801, 20.6612, 5.02338, 0, 0
36.3835, 20.6612, 5.02338, 0, 0
36.3868, 20.6612, 5.02338, 0, 0
36.3901, 20.6612, 5.02338, 0, 0
36.3934, 20.6612, 5.02338, 0, 0
36.3968, 20.6612, 5.02338, 0, 0
36.4002, 20.6612, 5.02338, 0, 0
36.4034, 20.6612, 5.02338, 0, 0
36.4068, 20.6612, 5.02338, 0, 0
36.4101, 20.6612, 5.02338, 0, 0
36.4135, 20.6612, 5.02338, 0, 0
36.4168, 20.6612, 5.02338, 0, 0
36.4201, 20.6612, 5.02338, 0, 0
36.4235, 20.6612, 5.02338, 0, 0
36.4268, 20.6612, 5.02338, 0, 0
36.4301, 20.6612, 5.02338, 0, 0
36.4334, 20.6612, 5.02338, 0, 0
36.4368, 20.6612, 5.02338, 0, 0
36.4401, 20.6612, 5.02338, 0, 0
36.4435, 20.6612, 5.02338, 0, 0
36.4468, 20.6612, 5.02338, 0, 0
36.4501, 20.6612, 5.02338, 0, 0
36.4535, 20.6612, 5.02338, 0, 0
36.4568, 20.6612, 5.02338, 0, 0
36.4601, 20.6612, 5.02338, 0, 0
36.4635, 20.6612, 5.02338, 0, 0
36.4668, 20.6612, 5.02338, 0, 0
36.4701, 20.6612, 5.02338, 0, 0
36.4735, 20.6612, 5.02338, 0, 0
36.4768, 20.6612, 5.02338, 0, 0
36.4801, 20.6612, 5.02338, 0, 0
36.4835, 20.6612, 5.02338, 0, 0
36.4868, 20.6612, 5.02338, 0, 0
36.4901, 20.6612, 5.02338, 0, 0
36.4934, 20.6612, 5.02338, 0, 0
36.4968, 20.6612, 5.02338, 0, 0
36.5001, 20.6612, 5.02338, 0, 0
36.5035, 20.6612, 5.02338, 0, 0
36.5068, 20.6612, 5.02338, 0, 0
36.5102, 20.6612, 5.02338, 0, 0
36.5135, 20.6612, 5.02338, 0, 0
36.5168, 20.6612, 5.02338, 0, 0
36.5201, 20.6612, 5.02338, 0, 0
36.5235, 20.6612, 5.02338, 0, 0
36.5267, 20.6612, 5.02338, 0, 0
36.5301, 20.6612, 5.02338, 0, 0
36.5334, 20.6612, 5.02338, 0, 0
36.5368, 20.6612, 5.02338, 0, 0
36.5401, 20.6612, 5.02338, 0, 0
36.5434, 20.6612, 5.02338, 0, 0
36.5467, 20.6612, 5.02338, 0, 0
36.5501, 20.6612, 5.02338, 0, 0
36.5535, 20.6612, 5.02338, 0, 0
36.5567, 20.6612, 5.02338, 0, 0
36.5601, 20.6612, 5.02338, 0, 0
36.5635, 20.6612, 5.02338, 0, 0
36.5668, 20.6612, 5.02338, 0, 0
36.5701, 20.6612, 5.02338, 0, 0
36.5735, 20.6612, 5.02338, 0, 0
36.5768, 20.6612, 5.02338, 0, 0
36.5801, 20.6612, 5.02338, 0, 0
36.5835, 20.6612, 5.02338, 0, 0
36.5868, 20.6612, 5.02338, 0, 0
36.5901, 20.6612, 5.02338, 0, 0
36.5935, 20.6612, 5.02338, 0, 0
36.5968, 20.6612, 5.02338, 0, 0
36.6001, 20.6612, 5.02338, 0, 0
36.6035, 20.6612, 5.02338, 0, 0
36.6068, 20.6612, 5.02338, 0, 0
36.6102, 20.6612, 5.02338, 0, 0
36.6135, 20.6612, 5.02338, 0, 0
36.6168, 20.6612, 5.02338, 0, 0
36.6201, 20.6612, 5.02338, 0, 0
36.6234, 20.6612, 5.02338, 0, 0
36.6268, 20.6612, 5.02338, 0, 0
36.6302, 20.6612, 5.02338, 0, 0
36.6335, 20.6612, 5.02338, 0, 0
36.6368, 20.6612, 5.02338, 0, 0
36.6401, 20.6612, 5.02338, 0, 0
36.6435, 20.6612, 5.02338, 0, 0
36.6468, 20.6612, 5.02338, 0, 0
36.6501, 20.6612, 5.02338, 0, 0
36.6535, 20.6612, 5.02338, 0, 0
36.6568, 20.6612, 5.02338, 0, 0
36.6601, 20.6612, 5.02338, 0, 0
36.6635, 20.6612, 5.02338, 0, 0
36.6668, 20.6612, 5.02338, 0, 0
36.6701, 20.6612, 5.02338, 0, 0
36.6735, 20.6612, 5.02338, 0, 0
36.6768, 20.6612, 5.02338, 0, 0
36.6801, 20.6612, 5.02338, 0, 0
36.6835, 20.6612, 5.02338, 0, 0
36.6868, 20.6612, 5.02338, 0, 0
36.6901, 20.6612, 5.02338, 0, 0
36.6935, 20.6612, 5.02338, 0, 0
36.6968, 20.6612, 5.02338, 0, 0
36.7001, 20.6612, 5.02338, 0, 0
36.7035, 20.6612, 5.02338, 0, 0
36.7068, 20.6612, 5.02338, 0, 0
36.7101, 20.6612, 5.02338, 0, 0
36.7134, 20.6612, 5.02338, 0, 0
36.7167, 20.6612, 5.02338, 0, 0
36.7201, 20.6612, 5.02338, 0, 0
36.7235, 20.6612, 5.02338, 0, 0
36.7268, 20.6612, 5.02338, 0, 0
36.7302, 20.6612, 5.02338, 0, 0
36.7335, 20.6612, 5.02338, 0, 0
36.7368, 20.6612, 5.02338, 0, 0
36.7402, 20.6612, 5.02338, 0, 0
36.7435, 20.6612, 5.02338, 0, 0
36.7468, 20.6612, 5.02338, 0, 0
36.7501, 20.6612, 5.02338, 0, 0
36.7535, 20.6612, 5.02338, 0, 0
36.7568, 20.6612, 5.02338, 0, 0
36.7601, 20.6612, 5.02338, 0, 0
36.7635, 20.6612, 5.02338, 0, 0
36.7668, 20.6612, 5.02338, 0, 0
36.7701, 20.6612, 5.02338, 0, 0
36.7735, 20.6612, 5.02338, 0, 0
36.7768, 20.6612, 5.02338, 0, 0
36.7801, 20.6612, 5.02338, 0, 0
36.7835, 20.6612, 5.02338, 0, 0
36.7868, 20.6612, 5.02338, 0, 0
36.7901, 20.6612, 5.02338, 0, 0
36.7935, 20.6612, 5.02338, 0, 0
36.7968, 20.6612, 5.02338, 0, 0
36.8001, 20.6612, 5.02338, 0, 0
36.8035, 20.6612, 5.02338, 0, 0
36.8067, 20.6612, 5.02338, 0, 0
36.8101, 20.6612, 5.02338, 0, 0
36.8135, 20.6612, 5.02338, 0, 0
36.8168, 20.6612, 5.02338, 0, 0
36.8201, 20.6612, 5.02338, 0, 0
36.8235, 20.6612, 5.02338, 0, 0
36.8268, 20.6612, 5.02338, 0, 0
36.8301, 20.6612, 5.02338, 0, 0
36.8335, 20.6612, 5.02338, 0, 0
36.8368, 20.6612, 5.02338, 0, 0
36.8401, 20.6612, 5.02338, 0, 0
36.8435, 20.6612, 5.02338, 0, 0
36.8468, 20.6612, 5.02338, 0, 0
36.8501, 20.6612, 5.02338, 0, 0
36.8535, 20.6612, 5.02338, 0, 0
36.8568, 20.6612, 5.02338, 0, 0
36.8601, 20.6612, 5.02338, 0, 0
36.8635, 20.6612, 5.02338, 0, 0
36.8668, 20.6612, 5.02338, 0, 0
36.8701, 20.6612, 5.02338, 0, 0
36.8735, 20.6612, 5.02338, 0, 0
36.8768, 20.6612, 5.02338, 0, 0
36.8801, 20.6612, 5.02338, 0, 0
36.8835, 20.6612, 5.02338, 0, 0
36.8868, 20.6612, 5.02338, 0, 0
36.8901, 20.6612, 5.02338, 0, 0
36.8935, 20.6612, 5.02338, 0, 0
36.8968, 20.6612, 5.02338, 0, 0
36.9001, 20.6612, 5.02338, 0, 0
36.9034, 20.6612, 5.02338, 0, 0
36.9068, 20.6612, 5.02338, 0, 0
36.9101, 20.6612, 5.02338, 0, 0
36.9135, 20.6612, 5.02338, 0, 0
36.9168, 20.6612, 5.02338, 0, 0
36.9202, 20.6612, 5.02338, 0, 0
36.9235, 20.6612, 5.02338, 0, 0
36.9268, 20.6612, 5.02338, 0, 0
36.9301, 20.6612, 5.02338, 0, 0
36.9335, 20.6612, 5.02338, 0, 0
36.9368, 20.6612, 5.02338, 0, 0
36.9401, 20.6612, 5.02338, 0, 0
36.9434, 20.6612, 5.02338, 0, 0
36.9468, 20.6612, 5.02338, 0, 0
36.9502, 20.6612, 5.02338, 0, 0
36.9535, 20.6612, 5.02338, 0, 0
36.9568, 20.6612, 5.02338, 0, 0
36.9601, 20.6612, 5.02338, 0, 0
36.9634, 20.6612, 5.02338, 0, 0
36.9668, 20.6612, 5.02338, 0, 0
36.9701, 20.6612, 5.02338, 0, 0
36.9735, 20.6612, 5.02338, 0, 0
36.9768, 20.6612, 5.02338, 0, 0
36.9801, 20.6612, 5.02338, 0, 0
36.9835, 20.6612, 5.02338, 0, 0
36.9868, 20.6612, 5.02338, 0, 0
36.9901, 20.6612, 5.02338, 0, 0
36.9934, 20.6612, 5.02338, 0, 0
36.9968, 20.6612, 5.02338, 0, 0
37.0001, 20.6612, 5.02338, 0, 0
37.0035, 20.6612, 5.02338, 0, 0
37.0068, 20.6612, 5.02338, 0, 0
37.0101, 20.6612, 5.02338, 0, 0
37.0135, 20.6612, 5.02338, 0, 0
37.0168, 20.6612, 5.02338, 0, 0
37.0201, 20.6612, 5.02338, 0, 0
37.0235, 20.6612, 5.02338, 0, 0
37.0268, 20.6612, 5.02338, 0, 0
37.0301, 20.6612, 5.02338, 0, 0
37.0335, 20.6612, 5.02338, 0, 0
37.0368, 20.6612, 5.02338, 0, 0
37.0402, 20.6612, 5.02338, 0, 0
37.0435, 20.6612, 5.02338, 0, 0
37.0468, 20.6612, 5.02338, 0, 0
37.0502, 20.6612, 5.02338, 0, 0
37.0535, 20.6612, 5.02338, 0, 0
37.0568, 20.6612, 5.02338, 0, 0
37.0601, 20.6612, 5.02338, 0, 0
37.0634, 20.6612, 5.02338, 0, 0
37.0668, 20.6612, 5.02338, 0, 0
37.0701, 20.6612, 5.02338, 0, 0
37.0735, 20.6612, 5.02338, 0, 0
37.0767, 20.6612, 5.02338, 0, 0
37.0801, 20.6612, 5.02338, 0, 0
37.0835, 20.6612, 5.02338, 0, 0
37.0867, 20.6612, 5.02338, 0, 0
37.0901, 20.6612, 5.02338, 0, 0
37.0935, 20.6612, 5.02338, 0, 0
37.0968, 20.6612, 5.02338, 0, 0
37.1001, 20.6612, 5.02338, 0, 0
37.1035, 20.6612, 5.02338, 0, 0
37.1068, 20.6612, 5.02338, 0, 0
37.1101, 20.6612, 5.02338, 0, 0
37.1135, 20.6612, 5.02338, 0, 0
37.1168, 20.6612, 5.02338, 0, 0
37.1201, 20.6612, 5.02338, 0, 0
37.1235, 20.6612, 5.02338, 0, 0
37.1268, 20.6612, 5.02338, 0, 0
37.1301, 20.6612, 5.02338, 0, 0
37.1335, 20.6612, 5.02338, 0, 0
37.1368, 20.6612, 5.02338, 0, 0
37.1401, 20.6612, 5.02338, 0, 0
37.1434, 20.6612, 5.02338, 0, 0
37.1468, 20.6612, 5.02338, 0, 0
37.1501, 20.6612, 5.02338, 0, 0
37.1535, 20.6612, 5.02338, 0, 0
37.1568, 20.6612, 5.02338, 0, 0
37.1601, 20.6612, 5.02338, 0, 0
37.1635, 20.6612, 5.02338, 0, 0
37.1668, 20.6612, 5.02338, 0, 0
37.1701, 20.6612, 5.02338, 0, 0
37.1735, 20.6612, 5.02338, 0, 0
37.1768, 20.6612, 5.02338, 0, 0
37.1801, 20.6612, 5.02338, 0, 0
37.1834, 20.6612, 5.02338, 0, 0
37.1868, 20.6612, 5.02338, 0, 0
37.1901, 20.6612, 5.02338, 0, 0
37.1934, 20.6612, 5.02338, 0, 0
37.1968, 20.6612, 5.02338, 0, 0
37.2001, 20.6612, 5.02338, 0, 0
37.2035, 20.6612, 5.02338, 0, 0
37.2068, 20.6612, 5.02338, 0, 0
37.2101, 20.6612, 5.02338, 0, 0
37.2135, 20.6612, 5.02338, 0, 0
37.2168, 20.6612, 5.02338, 0, 0
37.2201, 20.6612, 5.02338, 0, 0
37.2235, 20.6612, 5.02338, 0, 0
37.2268, 20.6612, 5.02338, 0, 0
37.2301, 20.6612, 5.02338, 0, 0
37.2334, 20.6612, 5.02338, 0, 0
37.2368, 20.6612, 5.02338, 0, 0
37.2401, 20.6612, 5.02338, 0, 0
37.2435, 20.6612, 5.02338, 0, 0
37.2468, 20.6612, 5.02338, 0, 0
37.2501, 20.6612, 5.02338, 0, 0
37.2535, 20.6612, 5.02338, 0, 0
37.2568, 20.6612, 5.02338, 0, 0
37.2601, 20.6612, 5.02338, 0, 0
37.2635, 20.6612, 5.02338, 0, 0
37.2668, 20.6612, 5.02338, 0, 0
37.2702, 20.6612, 5.02338, 0, 0
37.2734, 20.6612, 5.02338, 0, 0
37.2768, 20.6612, 5.02338, 0, 0
37.2802, 20.6612, 5.02338, 0, 0
37.2834, 20.6612, 5.02338, 0, 0
37.2868, 20.6612, 5.02338, 0, 0
37.2901, 20.6612, 5.02338, 0, 0
37.2935, 20.6612, 5.02338, 0, 0
37.2968, 20.6612, 5.02338, 0, 0
37.3001, 20.6612, 5.02338, 0, 0
37.3035, 20.6612, 5.02338, 0, 0
37.3068, 20.6612, 5.02338, 0, 0
37.3101, 20.6612, 5.02338, 0, 0
37.3135, 20.6612, 5.02338, 0, 0
37.3168, 20.6612, 5.02338, 0, 0
37.3201, 20.6612, 5.02338, 0, 0
37.3235, 20.6612, 5.02338, 0, 0
37.3268, 20.6612, 5.02338, 0, 0
37.3301, 20.6612, 5.02338, 0, 0
37.3335, 20.6612, 5.02338, 0, 0
37.3368, 20.6612, 5.02338, 0, 0
37.3401, 20.6612, 5.02338, 0, 0
37.3434, 20.6612, 5.02338, 0, 0
37.3468, 20.6612, 5.02338, 0, 0
37.3501, 20.6612, 5.02338, 0, 0
37.3535, 20.6612, 5.02338, 0, 0
37.3568, 20.6612, 5.02338, 0, 0
37.3601, 20.6612, 5.02338, 0, 0
37.3635, 20.6612, 5.02338, 0, 0
37.3668, 20.6612, 5.02338, 0, 0
37.3701, 20.6612, 5.02338, 0, 0
37.3735, 20.6612, 5.02338, 0, 0
37.3768, 20.6612, 5.02338, 0, 0
37.3801, 20.6612, 5.02338, 0, 0
37.3834, 20.6612, 5.02338, 0, 0
37.3868, 20.6612, 5.02338, 0, 0
37.3901, 20.6612, 5.02338, 0, 0
37.3934, 20.6612, 5.02338, 0, 0
37.3968, 20.6612, 5.02338, 0, 0
37.4001, 20.6612, 5.02338, 0, 0
37.4034, 20.6612, 5.02338, 0, 0
37.4068, 20.6612, 5.02338, 0, 0
37.4101, 20.6612, 5.02338, 0, 0
37.4135, 20.6612, 5.02338, 0, 0
37.4168, 20.6612, 5.02338, 0, 0
37.4201, 20.6612, 5.02338, 0, 0
37.4235, 20.6612, 5.02338, 0, 0
37.4268, 20.6612, 5.02338, 0, 0
37.4301, 20.6612, 5.02338, 0, 0
37.4335, 20.6612, 5.02338, 0, 0
37.4368, 20.6612, 5.02338, 0, 0
37.4401, 20.6612, 5.02338, 0, 0
37.4434, 20.6612, 5.02338, 0, 0
37.4468, 20.6612, 5.02338, 0, 0
37.4501, 20.6612, 5.02338, 0, 0
37.4535, 20.6612, 5.02338, 0, 0
37.4568, 20.6612, 5.02338, 0, 0
37.4601, 20.6612, 5.02338, 0, 0
37.4635, 20.6612, 5.02338, 0, 0
37.4668, 20.6612, 5.02338, 0, 0
37.4702, 20.6612, 5.02338, 0, 0
37.4735, 20.6612, 5.02338, 0, 0
37.4768, 20.6612, 5.02338, 0, 0
37.4801, 20.6612, 5.02338, 0, 0
37.4835, 20.6612, 5.02338, 0, 0
37.4868, 20.6612, 5.02338, 0, 0
37.4902, 20.6612, 5.02338, 0, 0
37.4934, 20.6612, 5.02338, 0, 0
37.4968, 20.6612, 5.02338, 0, 0
37.5001, 20.6612, 5.02338, 0, 0
37.5035, 20.6612, 5.02338, 0, 0
37.5068, 20.6612, 5.02338, 0, 0
37.5101, 20.6612, 5.02338, 0, 0
37.5135, 20.6612, 5.02338, 0, 0
37.5168, 20.6612, 5.02338, 0, 0
37.5201, 20.6612, 5.02338, 0, 0
37.5235, 20.6612, 5.02338, 0, 0
37.5268, 20.6612, 5.02338, 0, 0
37.5301, 20.6612, 5.02338, 0, 0
37.5335, 20.6612, 5.02338, 0, 0
37.5368, 20.6612, 5.02338, 0, 0
37.5401, 20.6612, 5.02338, 0, 0
37.5434, 20.6612, 5.02338, 0, 0
37.5468, 20.6612, 5.02338, 0, 0
37.5501, 20.6612, 5.02338, 0, 0
37.5535, 20.6612, 5.02338, 0, 0
37.5568, 20.6612, 5.02338, 0, 0
37.5601, 20.6612, 5.02338, 0, 0
37.5635, 20.6612, 5.02338, 0, 0
37.5668, 20.6612, 5.02338, 0, 0
37.5701, 20.6612, 5.02338, 0, 0
37.5735, 20.6612, 5.02338, 0, 0
37.5768, 20.6612, 5.02338, 0, 0
37.5801, 20.6612, 5.02338, 0, 0
37.5834, 20.6612, 5.02338, 0, 0
37.5868, 20.6612, 5.02338, 0, 0
37.5902, 20.6612, 5.02338, 0, 0
37.5934, 20.6612, 5.02338, 0, 0
37.5968, 20.6612, 5.02338, 0, 0
37.6001, 20.6612, 5.02338, 0, 0
37.6034, 20.6612, 5.02338, 0, 0
37.6068, 20.6612, 5.02338, 0, 0
37.6101, 20.6612, 5.02338, 0, 0
37.6134, 20.6612, 5.02338, 0, 0
37.6168, 20.6612, 5.02338, 0, 0
37.6201, 20.6612, 5.02338, 0, 0
37.6235, 20.6612, 5.02338, 0, 0
37.6268, 20.6612, 5.02338, 0, 0
37.6301, 20.6612, 5.02338, 0, 0
37.6335, 20.6612, 5.02338, 0, 0
37.6368, 20.6612, 5.02338, 0, 0
37.6401, 20.6612, 5.02338, 0, 0
37.6435, 20.6612, 5.02338, 0, 0
37.6468, 20.6612, 5.02338, 0, 0
37.6501, 20.6612, 5.02338, 0, 0
37.6534, 20.6612, 5.02338, 0, 0
37.6568, 20.6612, 5.02338, 0, 0
37.6601, 20.6612, 5.02338, 0, 0
37.6635, 20.6612, 5.02338, 0, 0
37.6668, 20.6612, 5.02338, 0, 0
37.6701, 20.6612, 5.02338, 0, 0
37.6735, 20.6612, 5.02338, 0, 0
37.6767, 20.6612, 5.02338, 0, 0
37.6801, 20.6612, 5.02338, 0, 0
37.6834, 20.6612, 5.02338, 0, 0
37.6868, 20.6612, 5.02338, 0, 0
37.6901, 20.6612, 5.02338, 0, 0
37.6934, 20.6612, 5.02338, 0, 0
37.6968, 20.6612, 5.02338, 0, 0
37.7001, 20.6612, 5.02338, 0, 0
37.7034, 20.6612, 5.02338, 0, 0
37.7068, 20.6612, 5.02338, 0, 0
37.7101, 20.6612, 5.02338, 0, 0
37.7134, 20.6612, 5.02338, 0, 0
37.7168, 20.6612, 5.02338, 0, 0
37.7201, 20.6612, 5.02338, 0, 0
37.7234, 20.6612, 5.02338, 0, 0
37.7268, 20.6612, 5.02338, 0, 0
37.7301, 20.6612, 5.02338, 0, 0
37.7335, 20.6612, 5.02338, 0, 0
37.7368, 20.6612, 5.02338, 0, 0
37.7401, 20.6612, 5.02338, 0, 0
37.7434, 20.6612, 5.02338, 0, 0
37.7467, 20.6612, 5.02338, 0, 0
37.7501, 20.6612, 5.02338, 0, 0
37.7534, 20.6612, 5.02338, 0, 0
37.7568, 20.6612, 5.02338, 0, 0
37.7601, 20.6612, 5.02338, 0, 0
37.7634, 20.6612, 5.02338, 0, 0
37.7668, 20.6612, 5.02338, 0, 0
37.7701, 20.6612, 5.02338, 0, 0
37.7735, 20.6612, 5.02338, 0, 0
37.7768, 20.6612, 5.02338, 0, 0
37.7801, 20.6612, 5.02338, 0, 0
37.7834, 20.6612, 5.02338, 0, 0
37.7868, 20.6612, 5.02338, 0, 0
37.7901, 20.6612, 5.02338, 0, 0
37.7934, 20.6612, 5.02338, 0, 0
37.7968, 20.6612, 5.02338, 0, 0
37.8002, 20.6612, 5.02338, 0, 0
37.8035, 20.6612, 5.02338, 0, 0
37.8068, 20.6612, 5.02338, 0, 0
37.8102, 20.6612, 5.02338, 0, 0
37.8135, 20.6612, 5.02338, 0, 0
37.8168, 20.6612, 5.02338, 0, 0
37.8201, 20.6612, 5.02338, 0, 0
37.8235, 20.6612, 5.02338, 0, 0
37.8268, 20.6612, 5.02338, 0, 0
37.8301, 20.6612, 5.02338, 0, 0
37.8335, 20.6612, 5.02338, 0, 0
37.8368, 20.6612, 5.02338, 0, 0
37.8401, 20.6612, 5.02338, 0, 0
37.8435, 20.6612, 5.02338, 0, 0
37.8468, 20.6612, 5.02338, 0, 0
37.8501, 20.6612, 5.02338, 0, 0
37.8535, 20.6612, 5.02338, 0, 0
37.8568, 20.6612, 5.02338, 0, 0
37.8601, 20.6612, 5.02338, 0, 0
37.8634, 20.6612, 5.02338, 0, 0
37.8668, 20.6612, 5.02338, 0, 0
37.8701, 20.6612, 5.02338, 0, 0
37.8735, 20.6612, 5.02338, 0, 0
37.8768, 20.6612, 5.02338, 0, 0
37.8801, 20.6612, 5.02338, 0, 0
37.8835, 20.6612, 5.02338, 0, 0
37.8868, 20.6612, 5.02338, 0, 0
37.8901, 20.6612, 5.02338, 0, 0
37.8934, 20.6612, 5.02338, 0, 0
37.8967, 20.6612, 5.02338, 0, 0
37.9001, 20.6612, 5.02338, 0, 0
37.9034, 20.6612, 5.02338, 0, 0
37.9068, 20.6612, 5.02338, 0, 0
37.9101, 20.6612, 5.02338, 0, 0
37.9134, 20.6612, 5.02338, 0, 0
37.9168, 20.6612, 5.02338, 0, 0
37.9201, 20.6612, 5.02338, 0, 0
37.9234, 20.6612, 5.02338, 0, 0
37.9268, 20.6612, 5.02338, 0, 0
37.9302, 20.6612, 5.02338, 0, 0
37.9334, 20.6612, 5.02338, 0, 0
37.9368, 20.6612, 5.02338, 0, 0
37.9401, 20.6612, 5.02338, 0, 0
37.9434, 20.6612, 5.02338, 0, 0
37.9468, 20.6612, 5.02338, 0, 0
37.9501, 20.6612, 5.02338, 0, 0
37.9534, 20.6612, 5.02338, 0, 0
37.9567, 20.6612, 5.02338, 0, 0
37.9601, 20.6612, 5.02338, 0, 0
37.9634, 20.6612, 5.02338, 0, 0
37.9668, 20.6612, 5.02338, 0, 0
37.9701, 20.6612, 5.02338, 0, 0
37.9734, 20.6612, 5.02338, 0, 0
37.9768, 20.6612, 5.02338, 0, 0
37.9801, 20.6612, 5.02338, 0, 0
37.9834, 20.6612, 5.02338, 0, 0
37.9867, 20.6612, 5.02338, 0, 0
37.9901, 20.6612, 5.02338, 0, 0
37.9935, 20.6612, 5.02338, 0, 0
37.9968, 20.6612, 5.02338, 0, 0
38.0001, 20.6612, 5.02338, 0, 0
38.0035, 20.6612, 5.02338, 0, 0
38.0068, 20.6612, 5.02338, 0, 0
38.0102, 20.6612, 5.02338, 0, 0
38.0135, 20.6612, 5.02338, 0, 0
38.0168, 20.6612, 5.02338, 0, 0
38.0201, 20.6612, 5.02338, 0, 0
38.0234, 20.6612, 5.02338, 0, 0
38.0268, 20.6612, 5.02338, 0, 0
38.0301, 20.6612, 5.02338, 0, 0
38.0335, 20.6612, 5.02338, 0, 0
38.0368, 20.6612, 5.02338, 0, 0
38.0401, 20.6612, 5.02338, 0, 0
38.0435, 20.6612, 5.02338, 0, 0
38.0468, 20.6612, 5.02338, 0, 0
38.0501, 20.6612, 5.02338, 0, 0
38.0535, 20.6612, 5.02338, 0, 0
38.0568, 20.6612, 5.02338, 0, 0
38.0601, 20.6612, 5.02338, 0, 0
38.0635, 20.6612, 5.02338, 0, 0
38.0668, 20.6612, 5.02338, 0, 0
38.0701, 20.6612, 5.02338, 0, 0
38.0735, 20.6612, 5.02338, 0, 0
38.0768, 20.6612, 5.02338, 0, 0
38.0801, 20.6612, 5.02338, 0, 0
38.0834, 20.6612, 5.02338, 0, 0
38.0868, 20.6612, 5.02338, 0, 0
38.0901, 20.6612, 5.02338, 0, 0
38.0935, 20.6612, 5.02338, 0, 0
38.0968, 20.6612, 5.02338, 0, 0
38.1001, 20.6612, 5.02338, 0, 0
38.1035, 20.6612, 5.02338, 0, 0
38.1068, 20.6612, 5.02338, 0, 0
38.1101, 20.6612, 5.02338, 0, 0
38.1135, 20.6612, 5.02338, 0, 0
38.1168, 20.6612, 5.02338, 0, 0
38.1201, 20.6612, 5.02338, 0, 0
38.1235, 20.6612, 5.02338, 0, 0
38.1268, 20.6612, 5.02338, 0, 0
38.1302, 20.6612, 5.02338, 0, 0
38.1335, 20.6612, 5.02338, 0, 0
38.1368, 20.6612, 5.02338, 0, 0
38.1402, 20.6612, 5.02338, 0, 0
38.1434, 20.6612, 5.02338, 0, 0
38.1468, 20.6612, 5.02338, 0, 0
38.1502, 20.6612, 5.02338, 0, 0
38.1535, 20.6612, 5.02338, 0, 0
38.1568, 20.6612, 5.02338, 0, 0
38.1601, 20.6612, 5.02338, 0, 0
38.1635, 20.6612, 5.02338, 0, 0
38.1668, 20.6612, 5.02338, 0, 0
38.1701, 20.6612, 5.02338, 0, 0
38.1734, 20.6612, 5.02338, 0, 0
38.1768, 20.6612, 5.02338, 0, 0
38.1801, 20.6612, 5.02338, 0, 0
38.1834, 20.6612, 5.02338, 0, 0
38.1868, 20.6612, 5.02338, 0, 0
38.1901, 20.6612, 5.02338, 0, 0
38.1935, 20.6612, 5.02338, 0, 0
38.1968, 20.6612, 5.02338, 0, 0
38.2001, 20.6612, 5.02338, 0, 0
38.2035, 20.6612, 5.02338, 0, 0
38.2068, 20.6612, 5.02338, 0, 0
38.2101, 20.6612, 5.02338, 0, 0
38.2134, 20.6612, 5.02338, 0, 0
38.2168, 20.6612, 5.02338, 0, 0
38.2201, 20.6612, 5.02338, 0, 0
38.2235, 20.6612, 5.02338, 0, 0
38.2268, 20.6612, 5.02338, 0, 0
38.2302, 20.6612, 5.02338, 0, 0
38.2335, 20.6612, 5.02338, 0, 0
38.2368, 20.6612, 5.02338, 0, 0
38.2402, 20.6612, 5.02338, 0, 0
38.2434, 20.6612, 5.02338, 0, 0
38.2468, 20.6612, 5.02338, 0, 0
38.2501, 20.6612, 5.02338, 0, 0
38.2534, 20.6612, 5.02338, 0, 0
38.2568, 20.6612, 5.02338, 0, 0
38.2601, 20.6612, 5.02338, 0, 0
38.2634, 20.6612, 5.02338, 0, 0
38.2668, 20.6612, 5.02338, 0, 0
38.2701, 20.6612, 5.02338, 0, 0
38.2735, 20.6612, 5.02338, 0, 0
38.2768, 20.6612, 5.02338, 0, 0
38.2801, 20.6612, 5.02338, 0, 0
38.2835, 20.6612, 5.02338, 0, 0
38.2868, 20.6612, 5.02338, 0, 0
38.2902, 20.6612, 5.02338, 0, 0
38.2935, 20.6612, 5.02338, 0, 0
38.2968, 20.6612, 5.02338, 0, 0
38.3001, 20.6612, 5.02338, 0, 0
38.3035, 20.6612, 5.02338, 0, 0
38.3068, 20.6612, 5.02338, 0, 0
38.3101, 20.6612, 5.02338, 0, 0
38.3134, 20.6612, 5.02338, 0, 0
38.3168, 20.6612, 5.02338, 0, 0
38.3201, 20.6612, 5.02338, 0, 0
38.3235, 20.6612, 5.02338, 0, 0
38.3268, 20.6612, 5.02338, 0, 0
38.3301, 20.6612, 5.02338, 0, 0
38.3335, 20.6612, 5.02338, 0, 0
38.3368, 20.6612, 5.02338, 0, 0
38.3402, 20.6612, 5.02338, 0, 0
38.3434, 20.6612, 5.02338, 0, 0
38.3468, 20.6612, 5.02338, 0, 0
38.3501, 20.6612, 5.02338, 0, 0
38.3535, 20.6612, 5.02338, 0, 0
38.3568, 20.6612, 5.02338, 0, 0
38.3601, 20.6612, 5.02338, 0, 0
38.3634, 20.6612, 5.02338, 0, 0
38.3668, 20.6612, 5.02338, 0, 0
38.3701, 20.6612, 5.02338, 0, 0
38.3735, 20.6612, 5.02338, 0, 0
38.3768, 20.6612, 5.02338, 0, 0
38.3801, 20.6612, 5.02338, 0, 0
38.3835, 20.6612, 5.02338, 0, 0
38.3868, 20.6612, 5.02338, 0, 0
38.3901, 20.6612, 5.02338, 0, 0
38.3935, 20.6612, 5.02338, 0, 0
38.3968, 20.6612, 5.02338, 0, 0
38.4001, 20.6612, 5.02338, 0, 0
38.4035, 20.6612, 5.02338, 0, 0
38.4068, 20.6612, 5.02338, 0, 0
38.4101, 20.6612, 5.02338, 0, 0
38.4135, 20.6612, 5.02338, 0, 0
38.4168, 20.6612, 5.02338, 0, 0
38.4201, 20.6612, 5.02338, 0, 0
38.4234, 20.6612, 5.02338, 0, 0
38.4268, 20.6612, 5.02338, 0, 0
38.4301, 20.6612, 5.02338, 0, 0
38.4335, 20.6612, 5.02338, 0, 0
38.4368, 20.6612, 5.02338, 0, 0
38.4402, 20.6612, 5.02338, 0, 0
38.4434, 20.6612, 5.02338, 0, 0
38.4468, 20.6612, 5.02338, 0, 0
38.4502, 20.6612, 5.02338, 0, 0
38.4534, 20.6612, 5.02338, 0, 0
38.4568, 20.6612, 5.02338, 0, 0
38.4602, 20.6612, 5.02338, 0, 0
38.4634, 20.6612, 5.02338, 0, 0
38.4668, 20.6612, 5.02338, 0, 0
38.4701, 20.6612, 5.02338, 0, 0
38.4735, 20.6612, 5.02338, 0, 0
38.4768, 20.6612, 5.02338, 0, 0
38.4801, 20.6612, 5.02338, 0, 0
38.4835, 20.6612, 5.02338, 0, 0
38.4868, 20.6612, 5.02338, 0, 0
38.4901, 20.6612, 5.02338, 0, 0
38.4935, 20.6612, 5.02338, 0, 0
38.4968, 20.6612, 5.02338, 0, 0
38.5001, 20.6612, 5.02338, 0, 0
38.5035, 20.6612, 5.02338, 0, 0
38.5068, 20.6612, 5.02338, 0, 0
38.5101, 20.6612, 5.02338, 0, 0
38.5135, 20.6612, 5.02338, 0, 0
38.5168, 20.6612, 5.02338, 0, 0
38.5201, 20.6612, 5.02338, 0, 0
38.5234, 20.6612, 5.02338, 0, 0
38.5268, 20.6612, 5.02338, 0, 0
38.5301, 20.6612, 5.02338, 0, 0
38.5335, 20.6612, 5.02338, 0, 0
38.5368, 20.6612, 5.02338, 0, 0
38.5402, 20.6612, 5.02338, 0, 0
38.5435, 20.6612, 5.02338, 0, 0
38.5467, 20.6612, 5.02338, 0, 0
38.5501, 20.6612, 5.02338, 0, 0
38.5534, 20.6612, 5.02338, 0, 0
38.5568, 20.6612, 5.02338, 0, 0
38.5602, 20.6612, 5.02338, 0, 0
38.5634, 20.6612, 5.02338, 0, 0
38.5668, 20.6612, 5.02338, 0, 0
38.5701, 20.6612, 5.02338, 0, 0
38.5735, 20.6612, 5.02338, 0, 0
38.5768, 20.6612, 5.02338, 0, 0
38.5801, 20.6612, 5.02338, 0, 0
38.5834, 20.6612, 5.02338, 0, 0
38.5868, 20.6612, 5.02338, 0, 0
38.5901, 20.6612, 5.02338, 0, 0
38.5935, 20.6612, 5.02338, 0, 0
38.5968, 20.6612, 5.02338, 0, 0
38.6001, 20.6612, 5.02338, 0, 0
38.6035, 20.6612, 5.02338, 0, 0
38.6068, 20.6612, 5.02338, 0, 0
38.6101, 20.6612, 5.02338, 0, 0
38.6134, 20.6612, 5.02338, 0, 0
38.6168, 20.6612, 5.02338, 0, 0
38.6201, 20.6612, 5.02338, 0, 0
38.6234, 20.6612, 5.02338, 0, 0
38.6268, 20.6612, 5.02338, 0, 0
38.6301, 20.6612, 5.02338, 0, 0
38.6335, 20.6612, 5.02338, 0, 0
38.6368, 20.6612, 5.02338, 0, 0
38.6401, 20.6612, 5.02338, 0, 0
38.6434, 20.6612, 5.02338, 0, 0
38.6468, 20.6612, 5.02338, 0, 0
38.6501, 20.6612, 5.02338, 0, 0
38.6534, 20.6612, 5.02338, 0, 0
38.6568, 20.6612, 5.02338, 0, 0
38.6602, 20.6612, 5.02338, 0, 0
38.6635, 20.6612, 5.02338, 0, 0
38.6668, 20.6612, 5.02338, 0, 0
38.6701, 20.6612, 5.02338, 0, 0
38.6735, 20.6612, 5.02338, 0, 0
38.6768, 20.6612, 5.02338, 0, 0
38.6802, 20.6612, 5.02338, 0, 0
38.6835, 20.6612, 5.02338, 0, 0
38.6868, 20.6612, 5.02338, 0, 0
38.6901, 20.6612, 5.02338, 0, 0
38.6935, 20.6612, 5.02338, 0, 0
38.6968, 20.6612, 5.02338, 0, 0
38.7001, 20.6612, 5.02338, 0, 0
38.7034, 20.6612, 5.02338, 0, 0
38.7068, 20.6612, 5.02338, 0, 0
38.7101, 20.6612, 5.02338, 0, 0
38.7134, 20.6612, 5.02338, 0, 0
38.7168, 20.6612, 5.02338, 0, 0
38.7201, 20.6612, 5.02338, 0, 0
38.7235, 20.6612, 5.02338, 0, 0
38.7268, 20.6612, 5.02338, 0, 0
38.7301, 20.6612, 5.02338, 0, 0
38.7334, 20.6612, 5.02338, 0, 0
38.7368, 20.6612, 5.02338, 0, 0
38.7401, 20.6612, 5.02338, 0, 0
38.7434, 20.6612, 5.02338, 0, 0
38.7468, 20.6612, 5.02338, 0, 0
38.7501, 20.6612, 5.02338, 0, 0
38.7535, 20.6612, 5.02338, 0, 0
38.7568, 20.6612, 5.02338, 0, 0
38.7601, 20.6612, 5.02338, 0, 0
38.7635, 20.6612, 5.02338, 0, 0
38.7668, 20.6612, 5.02338, 0, 0
38.7702, 20.6612, 5.02338, 0, 0
38.7735, 20.6612, 5.02338, 0, 0
38.7768, 20.6612, 5.02338, 0, 0
38.7802, 20.6612, 5.02338, 0, 0
38.7835, 20.6612, 5.02338, 0, 0
38.7868, 20.6612, 5.02338, 0, 0
38.7901, 20.6612, 5.02338, 0, 0
38.7935, 20.6612, 5.02338, 0, 0
38.7968, 20.6612, 5.02338, 0, 0
38.8001, 20.6612, 5.02338, 0, 0
38.8035, 20.6612, 5.02338, 0, 0
38.8068, 20.6612, 5.02338, 0, 0
38.8101, 20.6612, 5.02338, 0, 0
38.8135, 20.6612, 5.02338, 0, 0
38.8168, 20.6612, 5.02338, 0, 0
38.8202, 20.6612, 5.02338, 0, 0
38.8235, 20.6612, 5.02338, 0, 0
38.8268, 20.6612, 5.02338, 0, 0
38.8301, 20.6612, 5.02338, 0, 0
38.8335, 20.6612, 5.02338, 0, 0
38.8368, 20.6612, 5.02338, 0, 0
38.8401, 20.6612, 5.02338, 0, 0
38.8435, 20.6612, 5.02338, 0, 0
38.8468, 20.6612, 5.02338, 0, 0
38.8501, 20.6612, 5.02338, 0, 0
38.8535, 20.6612, 5.02338, 0, 0
38.8568, 20.6612, 5.02338, 0, 0
38.8602, 20.6612, 5.02338, 0, 0
38.8635, 20.6612, 5.02338, 0, 0
38.8668, 20.6612, 5.02338, 0, 0
38.8701, 20.6612, 5.02338, 0, 0
38.8735, 20.6612, 5.02338, 0, 0
38.8768, 20.6612, 5.02338, 0, 0
38.8802, 20.6612, 5.02338, 0, 0
38.8834, 20.6612, 5.02338, 0, 0
38.8868, 20.6612, 5.02338, 0, 0
38.8901, 20.6612, 5.02338, 0, 0
38.8935, 20.6612, 5.02338, 0, 0
38.8968, 20.6612, 5.02338, 0, 0
38.9001, 20.6612, 5.02338, 0, 0
38.9035, 20.6612, 5.02338, 0, 0
38.9068, 20.6612, 5.02338, 0, 0
38.9101, 20.6612, 5.02338, 0, 0
38.9135, 20.6612, 5.02338, 0, 0
38.9168, 20.6612, 5.02338, 0, 0
38.9201, 20.6612, 5.02338, 0, 0
38.9235, 20.6612, 5.02338, 0, 0
38.9268, 20.6612, 5.02338, 0, 0
38.9301, 20.6612, 5.02338, 0, 0
38.9335, 20.6612, 5.02338, 0, 0
38.9368, 20.6612, 5.02338, 0, 0
38.9401, 20.6612, 5.02338, 0, 0
38.9434, 20.6612, 5.02338, 0, 0
38.9467, 20.6612, 5.02338, 0, 0
38.9501, 20.6612, 5.02338, 0, 0
38.9534, 20.6612, 5.02338, 0, 0
38.9568, 20.6612, 5.02338, 0, 0
38.9601, 20.6612, 5.02338, 0, 0
38.9634, 20.6612, 5.02338, 0, 0
38.9668, 20.6612, 5.02338, 0, 0
38.9701, 20.6612, 5.02338, 0, 0
38.9735, 20.6612, 5.02338, 0, 0
38.9768, 20.6612, 5.02338, 0, 0
38.9802, 20.6612, 5.02338, 0, 0
38.9834, 20.6612, 5.02338, 0, 0
38.9868, 20.6612, 5.02338, 0, 0
38.9901, 20.6612, 5.02338, 0, 0
38.9935, 20.6612, 5.02338, 0, 0
38.9968, 20.6612, 5.02338, 0, 0
39.0001, 20.6612, 5.02338, 0, 0
39.0035, 20.6612, 5.02338, 0, 0
39.0068, 20.6612, 5.02338, 0, 0
39.0101, 20.6612, 5.02338, 0, 0
39.0134, 20.6612, 5.02338, 0, 0
39.0168, 20.6612, 5.02338, 0, 0
39.0201, 20.6612, 5.02338, 0, 0
39.0235, 20.6612, 5.02338, 0, 0
39.0268, 20.6612, 5.02338, 0, 0
39.0301, 20.6612, 5.02338, 0, 0
39.0335, 20.6612, 5.02338, 0, 0
39.0368, 20.6612, 5.02338, 0, 0
39.0401, 20.6612, 5.02338, 0, 0
39.0434, 20.6612, 5.02338, 0, 0
39.0468, 20.6612, 5.02338, 0, 0
39.0501, 20.6612, 5.02338, 0, 0
39.0535, 20.6612, 5.02338, 0, 0
39.0568, 20.6612, 5.02338, 0, 0
39.0601, 20.6612, 5.02338, 0, 0
39.0635, 20.6612, 5.02338, 0, 0
39.0668, 20.6612, 5.02338, 0, 0
39.0702, 20.6612, 5.02338, 0, 0
39.0735, 20.6612, 5.02338, 0, 0
39.0768, 20.6612, 5.02338, 0, 0
39.0801, 20.6612, 5.02338, 0, 0
39.0835, 20.6612, 5.02338, 0, 0
39.0868, 20.6612, 5.02338, 0, 0
39.0901, 20.6612, 5.02338, 0, 0
39.0935, 20.6612, 5.02338, 0, 0
39.0968, 20.6612, 5.02338, 0, 0
39.1001, 20.6612, 5.02338, 0, 0
39.1035, 20.6612, 5.02338, 0, 0
39.1067, 20.6612, 5.02338, 0, 0
39.1101, 20.6612, 5.02338, 0, 0
39.1135, 20.6612, 5.02338, 0, 0
39.1168, 20.6612, 5.02338, 0, 0
39.1201, 20.6612, 5.02338, 0, 0
39.1235, 20.6612, 5.02338, 0, 0
39.1268, 20.6612, 5.02338, 0, 0
39.1301, 20.6612, 5.02338, 0, 0
39.1335, 20.6612, 5.02338, 0, 0
39.1368, 20.6612, 5.02338, 0, 0
39.1401, 20.6612, 5.02338, 0, 0
39.1435, 20.6612, 5.02338, 0, 0
39.1468, 20.6612, 5.02338, 0, 0
39.1501, 20.6612, 5.02338, 0, 0
39.1534, 20.6612, 5.02338, 0, 0
39.1568, 20.6612, 5.02338, 0, 0
39.1601, 20.6612, 5.02338, 0, 0
39.1635, 20.6612, 5.02338, 0, 0
39.1668, 20.6612, 5.02338, 0, 0
39.1701, 20.6612, 5.02338, 0, 0
39.1734, 20.6612, 5.02338, 0, 0
39.1768, 20.6612, 5.02338, 0, 0
39.1802, 20.6612, 5.02338, 0, 0
39.1835, 20.6612, 5.02338, 0, 0
39.1868, 20.6612, 5.02338, 0, 0
39.1902, 20.6612, 5.02338, 0, 0
39.1935, 20.6612, 5.02338, 0, 0
39.1968, 20.6612, 5.02338, 0, 0
39.2001, 20.6612, 5.02338, 0, 0
39.2034, 20.6612, 5.02338, 0, 0
39.2068, 20.6612, 5.02338, 0, 0
39.2101, 20.6612, 5.02338, 0, 0
39.2134, 20.6612, 5.02338, 0, 0
39.2168, 20.6612, 5.02338, 0, 0
39.2201, 20.6612, 5.02338, 0, 0
39.2235, 20.6612, 5.02338, 0, 0
39.2268, 20.6612, 5.02338, 0, 0
39.2302, 20.6612, 5.02338, 0, 0
39.2335, 20.6612, 5.02338, 0, 0
39.2368, 20.6612, 5.02338, 0, 0
39.2401, 20.6612, 5.02338, 0, 0
39.2434, 20.6612, 5.02338, 0, 0
39.2468, 20.6612, 5.02338, 0, 0
39.2501, 20.6612, 5.02338, 0, 0
39.2535, 20.6612, 5.02338, 0, 0
39.2568, 20.6612, 5.02338, 0, 0
39.2601, 20.6612, 5.02338, 0, 0
39.2635, 20.6612, 5.02338, 0, 0
39.2668, 20.6612, 5.02338, 0, 0
39.2701, 20.6612, 5.02338, 0, 0
39.2735, 20.6612, 5.02338, 0, 0
39.2768, 20.6612, 5.02338, 0, 0
39.2801, 20.6612, 5.02338, 0, 0
39.2835, 20.6612, 5.02338, 0, 0
39.2868, 20.6612, 5.02338, 0, 0
39.2901, 20.6612, 5.02338, 0, 0
39.2934, 20.6612, 5.02338, 0, 0
39.2968, 20.6612, 5.02338, 0, 0
39.3001, 20.6612, 5.02338, 0, 0
39.3034, 20.6612, 5.02338, 0, 0
39.3068, 20.6612, 5.02338, 0, 0
39.3101, 20.6612, 5.02338, 0, 0
39.3135, 20.6612, 5.02338, 0, 0
39.3168, 20.6612, 5.02338, 0, 0
39.3201, 20.6612, 5.02338, 0, 0
39.3235, 20.6612, 5.02338, 0, 0
39.3268, 20.6612, 5.02338, 0, 0
39.3301, 20.6612, 5.02338, 0, 0
39.3335, 20.6612, 5.02338, 0, 0
39.3368, 20.6612, 5.02338, 0, 0
39.3401, 20.6612, 5.02338, 0, 0
39.3435, 20.6612, 5.02338, 0, 0
39.3468, 20.6612, 5.02338, 0, 0
39.3501, 20.6612, 5.02338, 0, 0
39.3535, 20.6612, 5.02338, 0, 0
39.3568, 20.6612, 5.02338, 0, 0
39.3601, 20.6612, 5.02338, 0, 0
39.3635, 20.6612, 5.02338, 0, 0
39.3668, 20.6612, 5.02338, 0, 0
39.3701, 20.6612, 5.02338, 0, 0
39.3735, 20.6612, 5.02338, 0, 0
39.3768, 20.6612, 5.02338, 0, 0
39.3802, 20.6612, 5.02338, 0, 0
39.3835, 20.6612, 5.02338, 0, 0
39.3867, 20.6612, 5.02338, 0, 0
39.3901, 20.6612, 5.02338, 0, 0
39.3935, 20.6612, 5.02338, 0, 0
39.3968, 20.6612, 5.02338, 0, 0
39.4002, 20.6612, 5.02338, 0, 0
39.4035, 20.6612, 5.02338, 0, 0
39.4068, 20.6612, 5.02338, 0, 0
39.4101, 20.6612, 5.02338, 0, 0
39.4135, 20.6612, 5.02338, 0, 0
39.4168, 20.6612, 5.02338, 0, 0
39.4202, 20.6612, 5.02338, 0, 0
39.4234, 20.6612, 5.02338, 0, 0
39.4268, 20.6612, 5.02338, 0, 0
39.4301, 20.6612, 5.02338, 0, 0
39.4335, 20.6612, 5.02338, 0, 0
39.4368, 20.6612, 5.02338, 0, 0
39.4401, 20.6612, 5.02338, 0, 0
39.4435, 20.6612, 5.02338, 0, 0
39.4468, 20.6612, 5.02338, 0, 0
39.4501, 20.6612, 5.02338, 0, 0
39.4535, 20.6612, 5.02338, 0, 0
39.4568, 20.6612, 5.02338, 0, 0
39.4601, 20.6612, 5.02338, 0, 0
39.4634, 20.6612, 5.02338, 0, 0
39.4668, 20.6612, 5.02338, 0, 0
39.4701, 20.6612, 5.02338, 0, 0
39.4734, 20.6612, 5.02338, 0, 0
39.4768, 20.6612, 5.02338, 0, 0
39.4801, 20.6612, 5.02338, 0, 0
39.4834, 20.6612, 5.02338, 0, 0
39.4868, 20.6612, 5.02338, 0, 0
39.4901, 20.6612, 5.02338, 0, 0
39.4934, 20.6612, 5.02338, 0, 0
39.4968, 20.6612, 5.02338, 0, 0
39.5001, 20.6612, 5.02338, 0, 0
39.5034, 20.6612, 5.02338, 0, 0
39.5068, 20.6612, 5.02338, 0, 0
39.5101, 20.6612, 5.02338, 0, 0
39.5134, 20.6612, 5.02338, 0, 0
39.5168, 20.6612, 5.02338, 0, 0
39.5201, 20.6612, 5.02338, 0, 0
39.5235, 20.6612, 5.02338, 0, 0
39.5268, 20.6612, 5.02338, 0, 0
39.5302, 20.6612, 5.02338, 0, 0
39.5335, 20.6612, 5.02338, 0, 0
39.5368, 20.6612, 5.02338, 0, 0
39.5401, 20.6612, 5.02338, 0, 0
39.5434, 20.6612, 5.02338, 0, 0
39.5468, 20.6612, 5.02338, 0, 0
39.5501, 20.6612, 5.02338, 0, 0
39.5535, 20.6612, 5.02338, 0, 0
39.5568, 20.6612, 5.02338, 0, 0
39.5601, 20.6612, 5.02338, 0, 0
39.5635, 20.6612, 5.02338, 0, 0
39.5668, 20.6612, 5.02338, 0, 0
39.5701, 20.6612, 5.02338, 0, 0
39.5734, 20.6612, 5.02338, 0, 0
39.5768, 20.6612, 5.02338, 0, 0
39.5801, 20.6612, 5.02338, 0, 0
39.5834, 20.6612, 5.02338, 0, 0
39.5868, 20.6612, 5.02338, 0, 0
39.5901, 20.6612, 5.02338, 0, 0
39.5935, 20.6612, 5.02338, 0, 0
39.5968, 20.6612, 5.02338, 0, 0
39.6001, 20.6612, 5.02338, 0, 0
39.6035, 20.6612, 5.02338, 0, 0
39.6068, 20.6612, 5.02338, 0, 0
39.6102, 20.6612, 5.02338, 0, 0
39.6135, 20.6612, 5.02338, 0, 0
39.6168, 20.6612, 5.02338, 0, 0
39.6202, 20.6612, 5.02338, 0, 0
39.6234, 20.6612, 5.02338, 0, 0
39.6268, 20.6612, 5.02338, 0, 0
39.6302, 20.6612, 5.02338, 0, 0
39.6334, 20.6612, 5.02338, 0, 0
39.6368, 20.6612, 5.02338, 0, 0
39.6401, 20.6612, 5.02338, 0, 0
39.6434, 20.6612, 5.02338, 0, 0
39.6468, 20.6612, 5.02338, 0, 0
39.6501, 20.6612, 5.02338, 0, 0
39.6535, 20.6612, 5.02338, 0, 0
39.6568, 20.6612, 5.02338, 0, 0
39.6601, 20.6612, 5.02338, 0, 0
39.6635, 20.6612, 5.02338, 0, 0
39.6668, 20.6612, 5.02338, 0, 0
39.6701, 20.6612, 5.02338, 0, 0
39.6734, 20.6612, 5.02338, 0, 0
39.6768, 20.6612, 5.02338, 0, 0
39.6801, 20.6612, 5.02338, 0, 0
39.6834, 20.6612, 5.02338, 0, 0
39.6868, 20.6612, 5.02338, 0, 0
39.6901, 20.6612, 5.02338, 0, 0
39.6934, 20.6612, 5.02338, 0, 0
39.6968, 20.6612, 5.02338, 0, 0
39.7001, 20.6612, 5.02338, 0, 0
39.7034, 20.6612, 5.02338, 0, 0
39.7068, 20.6612, 5.02338, 0, 0
39.7101, 20.6612, 5.02338, 0, 0
39.7134, 20.6612, 5.02338, 0, 0
39.7168, 20.6612, 5.02338, 0, 0
39.7201, 20.6612, 5.02338, 0, 0
39.7234, 20.6612, 5.02338, 0, 0
39.7268, 20.6612, 5.02338, 0, 0
39.7302, 20.6612, 5.02338, 0, 0
39.7335, 20.6612, 5.02338, 0, 0
39.7368, 20.6612, 5.02338, 0, 0
39.7402, 20.6612, 5.02338, 0, 0
39.7434, 20.6612, 5.02338, 0, 0
39.7468, 20.6612, 5.02338, 0, 0
39.7501, 20.6612, 5.02338, 0, 0
39.7534, 20.6612, 5.02338, 0, 0
39.7568, 20.6612, 5.02338, 0, 0
39.7601, 20.6612, 5.02338, 0, 0
39.7634, 20.6612, 5.02338, 0, 0
39.7668, 20.6612, 5.02338, 0, 0
39.7701, 20.6612, 5.02338, 0, 0
39.7735, 20.6612, 5.02338, 0, 0
39.7768, 20.6612, 5.02338, 0, 0
39.7801, 20.6612, 5.02338, 0, 0
39.7834, 20.6612, 5.02338, 0, 0
39.7868, 20.6612, 5.02338, 0, 0
39.7901, 20.6612, 5.02338, 0, 0
39.7934, 20.6612, 5.02338, 0, 0
39.7968, 20.6612, 5.02338, 0, 0
39.8001, 20.6612, 5.02338, 0, 0
39.8035, 20.6612, 5.02338, 0, 0
39.8068, 20.6612, 5.02338, 0, 0
39.8101, 20.6612, 5.02338, 0, 0
39.8135, 20.6612, 5.02338, 0, 0
39.8168, 20.6612, 5.02338, 0, 0
39.8201, 20.6612, 5.02338, 0, 0
39.8234, 20.6612, 5.02338, 0, 0
39.8268, 20.6612, 5.02338, 0, 0
39.8302, 20.6612, 5.02338, 0, 0
39.8335, 20.6612, 5.02338, 0, 0
39.8368, 20.6612, 5.02338, 0, 0
39.8401, 20.6612, 5.02338, 0, 0
39.8435, 20.6612, 5.02338, 0, 0
39.8468, 20.6612, 5.02338, 0, 0
39.8502, 20.6612, 5.02338, 0, 0
39.8534, 20.6612, 5.02338, 0, 0
39.8568, 20.6612, 5.02338, 0, 0
39.8601, 20.6612, 5.02338, 0, 0
39.8635, 20.6612, 5.02338, 0, 0
39.8668, 20.6612, 5.02338, 0, 0
39.8701, 20.6612, 5.02338, 0, 0
39.8735, 20.6612, 5.02338, 0, 0
39.8768, 20.6612, 5.02338, 0, 0
39.8801, 20.6612, 5.02338, 0, 0
39.8834, 20.6612, 5.02338, 0, 0
39.8868, 20.6612, 5.02338, 0, 0
39.8901, 20.6612, 5.02338, 0, 0
39.8934, 20.6612, 5.02338, 0, 0
39.8968, 20.6612, 5.02338, 0, 0
39.9001, 20.6612, 5.02338, 0, 0
39.9035, 20.6612, 5.02338, 0, 0
39.9068, 20.6612, 5.02338, 0, 0
39.9101, 20.6612, 5.02338, 0, 0
39.9135, 20.6612, 5.02338, 0, 0
39.9168, 20.6612, 5.02338, 0, 0
39.9201, 20.6612, 5.02338, 0, 0
39.9234, 20.6612, 5.02338, 0, 0
39.9268, 20.6612, 5.02338, 0, 0
39.9301, 20.6612, 5.02338, 0, 0
39.9335, 20.6612, 5.02338, 0, 0
39.9368, 20.6612, 5.02338, 0, 0
39.9401, 20.6612, 5.02338, 0, 0
39.9434, 20.6612, 5.02338, 0, 0
39.9468, 20.6612, 5.02338, 0, 0
39.9502, 20.6612, 5.02338, 0, 0
39.9535, 20.6612, 5.02338, 0, 0
39.9568, 20.6612, 5.02338, 0, 0
39.9601, 20.6612, 5.02338, 0, 0
39.9635, 20.6612, 5.02338, 0, 0
39.9668, 20.6612, 5.02338, 0, 0
39.9701, 20.6612, 5.02338, 0, 0
39.9735, 20.6612, 5.02338, 0, 0
39.9768, 20.6612, 5.02338, 0, 0
39.9801, 20.6612, 5.02338, 0, 0
39.9835, 20.6612, 5.02338, 0, 0
39.9868, 20.6612, 5.02338, 0, 0
39.9901, 20.6612, 5.02338, 0, 0
39.9934, 20.6612, 5.02338, 0, 0
39.9968, 20.6612, 5.02338, 0, 0
40.0001, 20.6612, 5.02338, 0, 0
40.0035, 20.6612, 5.02338, 0, 0
40.0068, 20.6612, 5.02338, 0, 0
40.0101, 20.6612, 5.02338, 0, 0
40.0135, 20.6612, 5.02338, 0, 0
40.0168, 20.6612, 5.02338, 0, 0
40.0201, 20.6612, 5.02338, 0, 0
40.0234, 20.6612, 5.02338, 0, 0
40.0268, 20.6612, 5.02338, 0, 0
40.0301, 20.6612, 5.02338, 0, 0
40.0335, 20.6612, 5.02338, 0, 0
40.0368, 20.6612, 5.02338, 0, 0
40.0401, 20.6612, 5.02338, 0, 0
40.0435, 20.6612, 5.02338, 0, 0
40.0468, 20.6612, 5.02338, 0, 0
40.0502, 20.6612, 5.02338, 0, 0
40.0534, 20.6612, 5.02338, 0, 0
40.0568, 20.6612, 5.02338, 0, 0
40.0602, 20.6612, 5.02338, 0, 0
40.0635, 20.6612, 5.02338, 0, 0
40.0668, 20.6612, 5.02338, 0, 0
40.0702, 20.6612, 5.02338, 0, 0
40.0735, 20.6612, 5.02338, 0, 0
40.0768, 20.6612, 5.02338, 0, 0
40.0801, 20.6612, 5.02338, 0, 0
40.0835, 20.6612, 5.02338, 0, 0
40.0868, 20.6612, 5.02338, 0, 0
40.0901, 20.6612, 5.02338, 0, 0
40.0935, 20.6612, 5.02338, 0, 0
40.0968, 20.6612, 5.02338, 0, 0
40.1001, 20.6612, 5.02338, 0, 0
40.1034, 20.6612, 5.02338, 0, 0
40.1068, 20.6612, 5.02338, 0, 0
40.1101, 20.6612, 5.02338, 0, 0
40.1134, 20.6612, 5.02338, 0, 0
40.1168, 20.6612, 5.02338, 0, 0
40.1201, 20.6612, 5.02338, 0, 0
40.1235, 20.6612, 5.02338, 0, 0
40.1268, 20.6612, 5.02338, 0, 0
40.1301, 20.6612, 5.02338, 0, 0
40.1334, 20.6612, 5.02338, 0, 0
40.1368, 20.6612, 5.02338, 0, 0
40.1401, 20.6612, 5.02338, 0, 0
40.1434, 20.6612, 5.02338, 0, 0
40.1467, 20.6612, 5.02338, 0, 0
40.1501, 20.6612, 5.02338, 0, 0
40.1534, 20.6612, 5.02338, 0, 0
40.1568, 20.6612, 5.02338, 0, 0
40.1602, 20.6612, 5.02338, 0, 0
40.1634, 20.6612, 5.02338, 0, 0
40.1668, 20.6612, 5.02338, 0, 0
40.1702, 20.6612, 5.02338, 0, 0
40.1734, 20.6612, 5.02338, 0, 0
40.1768, 20.6612, 5.02338, 0, 0
40.1801, 20.6612, 5.02338, 0, 0
40.1835, 20.6612, 5.02338, 0, 0
40.1867, 20.6612, 5.02338, 0, 0
40.1901, 20.6612, 5.02338, 0, 0
40.1934, 20.6612, 5.02338, 0, 0
40.1968, 20.6612, 5.02338, 0, 0
40.2001, 20.6612, 5.02338, 0, 0
40.2034, 20.6612, 5.02338, 0, 0
40.2068, 20.6612, 5.02338, 0, 0
40.2102, 20.6612, 5.02338, 0, 0
40.2134, 20.6612, 5.02338, 0, 0
40.2168, 20.6612, 5.02338, 0, 0
40.2201, 20.6612, 5.02338, 0, 0
40.2235, 20.6612, 5.02338, 0, 0
40.2268, 20.6612, 5.02338, 0, 0
40.2302, 20.6612, 5.02338, 0, 0
40.2334, 20.6612, 5.02338, 0, 0
40.2368, 20.6612, 5.02338, 0, 0
40.2401, 20.6612, 5.02338, 0, 0
40.2435, 20.6612, 5.02338, 0, 0
40.2468, 20.6612, 5.02338, 0, 0
40.2501, 20.6612, 5.02338, 0, 0
40.2535, 20.6612, 5.02338, 0, 0
40.2568, 20.6612, 5.02338, 0, 0
40.2602, 20.6612, 5.02338, 0, 0
40.2635, 20.6612, 5.02338, 0, 0
40.2668, 20.6612, 5.02338, 0, 0
40.2702, 20.6612, 5.02338, 0, 0
40.2735, 20.6612, 5.02338, 0, 0
40.2768, 20.6612, 5.02338, 0, 0
40.2801, 20.6612, 5.02338, 0, 0
40.2834, 20.6612, 5.02338, 0, 0
40.2868, 20.6612, 5.02338, 0, 0
40.2901, 20.6612, 5.02338, 0, 0
40.2934, 20.6612, 5.02338, 0, 0
40.2968, 20.6612, 5.02338, 0, 0
40.3001, 20.6612, 5.02338, 0, 0
40.3035, 20.6612, 5.02338, 0, 0
40.3068, 20.6612, 5.02338, 0, 0
40.3101, 20.6612, 5.02338, 0, 0
40.3135, 20.6612, 5.02338, 0, 0
40.3168, 20.6612, 5.02338, 0, 0
40.3201, 20.6612, 5.02338, 0, 0
40.3234, 20.6612, 5.02338, 0, 0
40.3268, 20.6612, 5.02338, 0, 0
40.3301, 20.6612, 5.02338, 0, 0
40.3334, 20.6612, 5.02338, 0, 0
40.3368, 20.6612, 5.02338, 0, 0
40.3401, 20.6612, 5.02338, 0, 0
40.3434, 20.6612, 5.02338, 0, 0
40.3468, 20.6612, 5.02338, 0, 0
40.3501, 20.6612, 5.02338, 0, 0
40.3535, 20.6612, 5.02338, 0, 0
40.3568, 20.6612, 5.02338, 0, 0
40.3602, 20.6612, 5.02338, 0, 0
40.3635, 20.6612, 5.02338, 0, 0
40.3668, 20.6612, 5.02338, 0, 0
40.3702, 20.6612, 5.02338, 0, 0
40.3734, 20.6612, 5.02338, 0, 0
40.3768, 20.6612, 5.02338, 0, 0
40.3801, 20.6612, 5.02338, 0, 0
40.3835, 20.6612, 5.02338, 0, 0
40.3868, 20.6612, 5.02338, 0, 0
40.3902, 20.6612, 5.02338, 0, 0
40.3934, 20.6612, 5.02338, 0, 0
40.3968, 20.6612, 5.02338, 0, 0
40.4001, 20.6612, 5.02338, 0, 0
40.4035, 20.6612, 5.02338, 0, 0
40.4068, 20.6612, 5.02338, 0, 0
40.4101, 20.6612, 5.02338, 0, 0
40.4134, 20.6612, 5.02338, 0, 0
40.4168, 20.6612, 5.02338, 0, 0
40.4201, 20.6612, 5.02338, 0, 0
40.4235, 20.6612, 5.02338, 0, 0
40.4268, 20.6612, 5.02338, 0, 0
40.4301, 20.6612, 5.02338, 0, 0
40.4334, 20.6612, 5.02338, 0, 0
40.4368, 20.6612, 5.02338, 0, 0
40.4401, 20.6612, 5.02338, 0, 0
40.4434, 20.6612, 5.02338, 0, 0
40.4468, 20.6612, 5.02338, 0, 0
40.4502, 20.6612, 5.02338, 0, 0
40.4535, 20.6612, 5.02338, 0, 0
40.4568, 20.6612, 5.02338, 0, 0
40.4601, 20.6612, 5.02338, 0, 0
40.4635, 20.6612, 5.02338, 0, 0
40.4668, 20.6612, 5.02338, 0, 0
40.4701, 20.6612, 5.02338, 0, 0
40.4734, 20.6612, 5.02338, 0, 0
40.4768, 20.6612, 5.02338, 0, 0
40.4801, 20.6612, 5.02338, 0, 0
40.4835, 20.6612, 5.02338, 0, 0
40.4868, 20.6612, 5.02338, 0, 0
40.4902, 20.6612, 5.02338, 0, 0
40.4935, 20.6612, 5.02338, 0, 0
40.4968, 20.6612, 5.02338, 0, 0
40.5001, 20.6612, 5.02338, 0, 0
40.5034, 20.6612, 5.02338, 0, 0
40.5068, 20.6612, 5.02338, 0, 0
40.5101, 20.6612, 5.02338, 0, 0
40.5135, 20.6612, 5.02338, 0, 0
40.5168, 20.6612, 5.02338, 0, 0
40.5201, 20.6612, 5.02338, 0, 0
40.5234, 20.6612, 5.02338, 0, 0
40.5268, 20.6612, 5.02338, 0, 0
40.5301, 20.6612, 5.02338, 0, 0
40.5334, 20.6612, 5.02338, 0, 0
40.5368, 20.6612, 5.02338, 0, 0
40.5401, 20.6612, 5.02338, 0, 0
40.5435, 20.6612, 5.02338, 0, 0
40.5468, 20.6612, 5.02338, 0, 0
40.5501, 20.6612, 5.02338, 0, 0
40.5535, 20.6612, 5.02338, 0, 0
40.5568, 20.6612, 5.02338, 0, 0
40.5601, 20.6612, 5.02338, 0, 0
40.5634, 20.6612, 5.02338, 0, 0
40.5668, 20.6612, 5.02338, 0, 0
40.5701, 20.6612, 5.02338, 0, 0
40.5734, 20.6612, 5.02338, 0, 0
40.5768, 20.6612, 5.02338, 0, 0
40.5801, 20.6612, 5.02338, 0, 0
40.5835, 20.6612, 5.02338, 0, 0
40.5868, 20.6612, 5.02338, 0, 0
40.5902, 20.6612, 5.02338, 0, 0
40.5935, 20.6612, 5.02338, 0, 0
40.5968, 20.6612, 5.02338, 0, 0
40.6001, 20.6612, 5.02338, 0, 0
40.6035, 20.6612, 5.02338, 0, 0
40.6068, 20.6612, 5.02338, 0, 0
40.6101, 20.6612, 5.02338, 0, 0
40.6135, 20.6612, 5.02338, 0, 0
40.6168, 20.6612, 5.02338, 0, 0
40.6201, 20.6612, 5.02338, 0, 0
40.6235, 20.6612, 5.02338, 0, 0
40.6268, 20.6612, 5.02338, 0, 0
40.6301, 20.6612, 5.02338, 0, 0
40.6334, 20.6612, 5.02338, 0, 0
40.6368, 20.6612, 5.02338, 0, 0
40.6401, 20.6612, 5.02338, 0, 0
40.6434, 20.6612, 5.02338, 0, 0
40.6468, 20.6612, 5.02338, 0, 0
40.6501, 20.6612, 5.02338, 0, 0
40.6535, 20.6612, 5.02338, 0, 0
40.6568, 20.6612, 5.02338, 0, 0
40.6601, 20.6612, 5.02338, 0, 0
40.6634, 20.6612, 5.02338, 0, 0
40.6668, 20.6612, 5.02338, 0, 0
40.6701, 20.6612, 5.02338, 0, 0
40.6734, 20.6612, 5.02338, 0, 0
40.6768, 20.6612, 5.02338, 0, 0
40.6801, 20.6612, 5.02338, 0, 0
40.6835, 20.6612, 5.02338, 0, 0
40.6868, 20.6612, 5.02338, 0, 0
40.6902, 20.6612, 5.02338, 0, 0
40.6934, 20.6612, 5.02338, 0, 0
40.6968, 20.6612, 5.02338, 0, 0
40.7002, 20.6612, 5.02338, 0, 0
40.7034, 20.6612, 5.02338, 0, 0
40.7068, 20.6612, 5.02338, 0, 0
40.7101, 20.6612, 5.02338, 0, 0
40.7135, 20.6612, 5.02338, 0, 0
40.7168, 20.6612, 5.02338, 0, 0
40.7201, 20.6612, 5.02338, 0, 0
40.7234, 20.6612, 5.02338, 0, 0
40.7268, 20.6612, 5.02338, 0, 0
40.7301, 20.6612, 5.02338, 0, 0
40.7335, 20.6612, 5.02338, 0, 0
40.7368, 20.6612, 5.02338, 0, 0
40.7401, 20.6612, 5.02338, 0, 0
40.7435, 20.6612, 5.02338, 0, 0
40.7468, 20.6612, 5.02338, 0, 0
40.7501, 20.6612, 5.02338, 0, 0
40.7534, 20.6612, 5.02338, 0, 0
40.7568, 20.6612, 5.02338, 0, 0
40.7601, 20.6612, 5.02338, 0, 0
40.7634, 20.6612, 5.02338, 0, 0
40.7668, 20.6612, 5.02338, 0, 0
40.7701, 20.6612, 5.02338, 0, 0
40.7735, 20.6612, 5.02338, 0, 0
40.7768, 20.6612, 5.02338, 0, 0
40.7801, 20.6612, 5.02338, 0, 0
40.7834, 20.6612, 5.02338, 0, 0
40.7867, 20.6612, 5.02338, 0, 0
40.7901, 20.6612, 5.02338, 0, 0
40.7934, 20.6612, 5.02338, 0, 0
40.7968, 20.6612, 5.02338, 0, 0
40.8001, 20.6612, 5.02338, 0, 0
40.8035, 20.6612, 5.02338, 0, 0
40.8068, 20.6612, 5.02338, 0, 0
40.8102, 20.6612, 5.02338, 0, 0
40.8135, 20.6612, 5.02338, 0, 0
40.8168, 20.6612, 5.02338, 0, 0
40.8201, 20.6612, 5.02338, 0, 0
40.8235, 20.6612, 5.02338, 0, 0
40.8268, 20.6612, 5.02338, 0, 0
40.8301, 20.6612, 5.02338, 0, 0
40.8335, 20.6612, 5.02338, 0, 0
40.8368, 20.6612, 5.02338, 0, 0
40.8401, 20.6612, 5.02338, 0, 0
40.8435, 20.6612, 5.02338, 0, 0
40.8468, 20.6612, 5.02338, 0, 0
40.8501, 20.6612, 5.02338, 0, 0
40.8535, 20.6612, 5.02338, 0, 0
40.8568, 20.6612, 5.02338, 0, 0
40.8601, 20.6612, 5.02338, 0, 0
40.8634, 20.6612, 5.02338, 0, 0
40.8668, 20.6612, 5.02338, 0, 0
40.8701, 20.6612, 5.02338, 0, 0
40.8735, 20.6612, 5.02338, 0, 0
40.8768, 20.6612, 5.02338, 0, 0
40.8801, 20.6612, 5.02338, 0, 0
40.8834, 20.6612, 5.02338, 0, 0
40.8868, 20.6612, 5.02338, 0, 0
40.8901, 20.6612, 5.02338, 0, 0
40.8934, 20.6612, 5.02338, 0, 0
40.8968, 20.6612, 5.02338, 0, 0
40.9002, 20.6612, 5.02338, 0, 0
40.9035, 20.6612, 5.02338, 0, 0
40.9068, 20.6612, 5.02338, 0, 0
40.9102, 20.6612, 5.02338, 0, 0
40.9134, 20.6612, 5.02338, 0, 0
40.9168, 20.6612, 5.02338, 0, 0
40.9202, 20.6612, 5.02338, 0, 0
40.9234, 20.6612, 5.02338, 0, 0
40.9268, 20.6612, 5.02338, 0, 0
40.9301, 20.6612, 5.02338, 0, 0
40.9335, 20.6612, 5.02338, 0, 0
40.9368, 20.6612, 5.02338, 0, 0
40.9401, 20.6612, 5.02338, 0, 0
40.9434, 20.6612, 5.02338, 0, 0
40.9467, 20.6612, 5.02338, 0, 0
40.9501, 20.6612, 5.02338, 0, 0
40.9534, 20.6612, 5.02338, 0, 0
40.9568, 20.6612, 5.02338, 0, 0
40.9601, 20.6612, 5.02338, 0, 0
40.9634, 20.6612, 5.02338, 0, 0
40.9668, 20.6612, 5.02338, 0, 0
40.9701, 20.6612, 5.02338, 0, 0
40.9734, 20.6612, 5.02338, 0, 0
40.9768, 20.6612, 5.02338, 0, 0
40.9801, 20.6612, 5.02338, 0, 0
40.9834, 20.6612, 5.02338, 0, 0
40.9867, 20.6612, 5.02338, 0, 0
40.9902, 20.6612, 5.02338, 0, 0
40.9935, 20.6612, 5.02338, 0, 0
40.9968, 20.6612, 5.02338, 0, 0
41.0001, 20.6612, 5.02338, 0, 0
41.0034, 20.6612, 5.02338, 0, 0
41.0067, 20.6612, 5.02338, 0, 0
41.0101, 20.6612, 5.02338, 0, 0
41.0134, 20.6612, 5.02338, 0, 0
41.0167, 20.6612, 5.02338, 0, 0
41.0201, 20.6612, 5.02338, 0, 0
41.0234, 20.6612, 5.02338, 0, 0
41.0267, 20.6612, 5.02338, 0, 0
41.0301, 20.6612, 5.02338, 0, 0
41.0334, 20.6612, 5.02338, 0, 0
41.0368, 20.6612, 5.02338, 0, 0
41.0401, 20.6612, 5.02338, 0, 0
41.0434, 20.6612, 5.02338, 0, 0
41.0467, 20.6612, 5.02338, 0, 0
41.0501, 20.6612, 5.02338, 0, 0
41.0534, 20.6612, 5.02338, 0, 0
41.0567, 20.6612, 5.02338, 0, 0
41.0601, 20.6612, 5.02338, 0, 0
41.0635, 20.6612, 5.02338, 0, 0
41.0667, 20.6612, 5.02338, 0, 0
41.0701, 20.6612, 5.02338, 0, 0
41.0734, 20.6612, 5.02338, 0, 0
41.0768, 20.6612, 5.02338, 0, 0
41.0801, 20.6612, 5.02338, 0, 0
41.0834, 20.6612, 5.02338, 0, 0
41.0868, 20.6612, 5.02338, 0, 0
41.0901, 20.6612, 5.02338, 0, 0
41.0934, 20.6612, 5.02338, 0, 0
41.0968, 20.6612, 5.02338, 0, 0
41.1001, 20.6612, 5.02338, 0, 0
41.1034, 20.6612, 5.02338, 0, 0
41.1068, 20.6612, 5.02338, 0, 0
41.1101, 20.6612, 5.02338, 0, 0
41.1134, 20.6612, 5.02338, 0, 0
41.1167, 20.6612, 5.02338, 0, 0
41.1201, 20.6612, 5.02338, 0, 0
41.1234, 20.6612, 5.02338, 0, 0
41.1268, 20.6612, 5.02338, 0, 0
41.1301, 20.6612, 5.02338, 0, 0
41.1334, 20.6612, 5.02338, 0, 0
41.1368, 20.6612, 5.02338, 0, 0
41.1401, 20.6612, 5.02338, 0, 0
41.1434, 20.6612, 5.02338, 0, 0
41.1468, 20.6612, 5.02338, 0, 0
41.1501, 20.6612, 5.02338, 0, 0
41.1535, 20.6612, 5.02338, 0, 0
41.1568, 20.6612, 5.02338, 0, 0
41.1601, 20.6612, 5.02338, 0, 0
41.1634, 20.6612, 5.02338, 0, 0
41.1668, 20.6612, 5.02338, 0, 0
41.1701, 20.6612, 5.02338, 0, 0
41.1735, 20.6612, 5.02338, 0, 0
41.1768, 20.6612, 5.02338, 0, 0
41.1801, 20.6612, 5.02338, 0, 0
41.1834, 20.6612, 5.02338, 0, 0
41.1868, 20.6612, 5.02338, 0, 0
41.1901, 20.6612, 5.02338, 0, 0
41.1935, 20.6612, 5.02338, 0, 0
41.1968, 20.6612, 5.02338, 0, 0
41.2001, 20.6612, 5.02338, 0, 0
41.2035, 20.6612, 5.02338, 0, 0
41.2068, 20.6612, 5.02338, 0, 0
41.2101, 20.6612, 5.02338, 0, 0
41.2135, 20.6612, 5.02338, 0, 0
41.2168, 20.6612, 5.02338, 0, 0
41.2201, 20.6612, 5.02338, 0, 0
41.2235, 20.6612, 5.02338, 0, 0
41.2268, 20.6612, 5.02338, 0, 0
41.2301, 20.6612, 5.02338, 0, 0
41.2335, 20.6612, 5.02338, 0, 0
41.2368, 20.6612, 5.02338, 0, 0
41.2401, 20.6612, 5.02338, 0, 0
41.2435, 20.6612, 5.02338, 0, 0
41.2468, 20.6612, 5.02338, 0, 0
41.2501, 20.6612, 5.02338, 0, 0
41.2534, 20.6612, 5.02338, 0, 0
41.2568, 20.6612, 5.02338, 0, 0
41.2601, 20.6612, 5.02338, 0, 0
41.2634, 20.6612, 5.02338, 0, 0
41.2667, 20.6612, 5.02338, 0, 0
41.2701, 20.6612, 5.02338, 0, 0
41.2735, 20.6612, 5.02338, 0, 0
41.2768, 20.6612, 5.02338, 0, 0
41.2801, 20.6612, 5.02338, 0, 0
41.2834, 20.6612, 5.02338, 0, 0
41.2868, 20.6612, 5.02338, 0, 0
41.2901, 20.6612, 5.02338, 0, 0
41.2934, 20.6612, 5.02338, 0, 0
41.2968, 20.6612, 5.02338, 0, 0
41.3001, 20.6612, 5.02338, 0, 0
41.3034, 20.6612, 5.02338, 0, 0
41.3068, 20.6612, 5.02338, 0, 0
41.3101, 20.6612, 5.02338, 0, 0
41.3134, 20.6612, 5.02338, 0, 0
41.3168, 20.6612, 5.02338, 0, 0
41.3201, 20.6612, 5.02338, 0, 0
41.3235, 20.6612, 5.02338, 0, 0
41.3268, 20.6612, 5.02338, 0, 0
41.3302, 20.6612, 5.02338, 0, 0
41.3335, 20.6612, 5.02338, 0, 0
41.3368, 20.6612, 5.02338, 0, 0
41.3401, 20.6612, 5.02338, 0, 0
41.3435, 20.6612, 5.02338, 0, 0
41.3467, 20.6612, 5.02338, 0, 0
41.3501, 20.6612, 5.02338, 0, 0
41.3535, 20.6612, 5.02338, 0, 0
41.3568, 20.6612, 5.02338, 0, 0
41.3601, 20.6612, 5.02338, 0, 0
41.3634, 20.6612, 5.02338, 0, 0
41.3668, 20.6612, 5.02338, 0, 0
41.3701, 20.6612, 5.02338, 0, 0
41.3735, 20.6612, 5.02338, 0, 0
41.3768, 20.6612, 5.02338, 0, 0
41.3801, 20.6612, 5.02338, 0, 0
41.3834, 20.6612, 5.02338, 0, 0
41.3868, 20.6612, 5.02338, 0, 0
41.3901, 20.6612, 5.02338, 0, 0
41.3935, 20.6612, 5.02338, 0, 0
41.3968, 20.6612, 5.02338, 0, 0
41.4001, 20.6612, 5.02338, 0, 0
41.4035, 20.6612, 5.02338, 0, 0
41.4068, 20.6612, 5.02338, 0, 0
41.4101, 20.6612, 5.02338, 0, 0
41.4135, 20.6612, 5.02338, 0, 0
41.4168, 20.6612, 5.02338, 0, 0
41.4201, 20.6612, 5.02338, 0, 0
41.4235, 20.6612, 5.02338, 0, 0
41.4268, 20.6612, 5.02338, 0, 0
41.4301, 20.6612, 5.02338, 0, 0
41.4335, 20.6612, 5.02338, 0, 0
41.4368, 20.6612, 5.02338, 0, 0
41.4401, 20.6612, 5.02338, 0, 0
41.4434, 20.6612, 5.02338, 0, 0
41.4467, 20.6612, 5.02338, 0, 0
41.4502, 20.6612, 5.02338, 0, 0
41.4535, 20.6612, 5.02338, 0, 0
41.4568, 20.6612, 5.02338, 0, 0
41.4601, 20.6612, 5.02338, 0, 0
41.4635, 20.6612, 5.02338, 0, 0
41.4668, 20.6612, 5.02338, 0, 0
41.4701, 20.6612, 5.02338, 0, 0
41.4735, 20.6612, 5.02338, 0, 0
41.4768, 20.6612, 5.02338, 0, 0
41.4801, 20.6612, 5.02338, 0, 0
41.4835, 20.6612, 5.02338, 0, 0
41.4868, 20.6612, 5.02338, 0, 0
41.4901, 20.6612, 5.02338, 0, 0
41.4935, 20.6612, 5.02338, 0, 0
41.4968, 20.6612, 5.02338, 0, 0
41.5001, 20.6612, 5.02338, 0, 0
41.5034, 20.6612, 5.02338, 0, 0
41.5068, 20.6612, 5.02338, 0, 0
41.5101, 20.6612, 5.02338, 0, 0
41.5135, 20.6612, 5.02338, 0, 0
41.5168, 20.6612, 5.02338, 0, 0
41.5201, 20.6612, 5.02338, 0, 0
41.5235, 20.6612, 5.02338, 0, 0
41.5268, 20.6612, 5.02338, 0, 0
41.5301, 20.6612, 5.02338, 0, 0
41.5334, 20.6612, 5.02338, 0, 0
41.5368, 20.6612, 5.02338, 0, 0
41.5401, 20.6612, 5.02338, 0, 0
41.5434, 20.6612, 5.02338, 0, 0
41.5468, 20.6612, 5.02338, 0, 0
41.5502, 20.6612, 5.02338, 0, 0
41.5535, 20.6612, 5.02338, 0, 0
41.5568, 20.6612, 5.02338, 0, 0
41.5601, 20.6612, 5.02338, 0, 0
41.5635, 20.6612, 5.02338, 0, 0
41.5668, 20.6612, 5.02338, 0, 0
41.5701, 20.6612, 5.02338, 0, 0
41.5734, 20.6612, 5.02338, 0, 0
41.5768, 20.6612, 5.02338, 0, 0
41.5801, 20.6612, 5.02338, 0, 0
41.5834, 20.6612, 5.02338, 0, 0
41.5868, 20.6612, 5.02338, 0, 0
41.5901, 20.6612, 5.02338, 0, 0
41.5935, 20.6612, 5.02338, 0, 0
41.5967, 20.6612, 5.02338, 0, 0
41.6001, 20.6612, 5.02338, 0, 0
41.6035, 20.6612, 5.02338, 0, 0
41.6068, 20.6612, 5.02338, 0, 0
41.6101, 20.6612, 5.02338, 0, 0
41.6135, 20.6612, 5.02338, 0, 0
41.6168, 20.6612, 5.02338, 0, 0
41.6201, 20.6612, 5.02338, 0, 0
41.6234, 20.6612, 5.02338, 0, 0
41.6268, 20.6612, 5.02338, 0, 0
41.6301, 20.6612, 5.02338, 0, 0
41.6334, 20.6612, 5.02338, 0, 0
41.6368, 20.6612, 5.02338, 0, 0
41.6401, 20.6612, 5.02338, 0, 0
41.6435, 20.6612, 5.02338, 0, 0
41.6468, 20.6612, 5.02338, 0, 0
41.6502, 20.6612, 5.02338, 0, 0
41.6535, 20.6612, 5.02338, 0, 0
41.6568, 20.6612, 5.02338, 0, 0
41.6601, 20.6612, 5.02338, 0, 0
41.6634, 20.6612, 5.02338, 0, 0
41.6668, 20.6612, 5.02338, 0, 0
41.6702, 20.6612, 5.02338, 0, 0
41.6734, 20.6612, 5.02338, 0, 0
41.6768, 20.6612, 5.02338, 0, 0
41.6801, 20.6612, 5.02338, 0, 0
41.6835, 20.6612, 5.02338, 0, 0
41.6868, 20.6612, 5.02338, 0, 0
41.6901, 20.6612, 5.02338, 0, 0
41.6935, 20.6612, 5.02338, 0, 0
41.6967, 20.6612, 5.02338, 0, 0
41.7001, 20.6612, 5.02338, 0, 0
41.7034, 20.6612, 5.02338, 0, 0
41.7068, 20.6612, 5.02338, 0, 0
41.7101, 20.6612, 5.02338, 0, 0
41.7135, 20.6612, 5.02338, 0, 0
41.7168, 20.6612, 5.02338, 0, 0
41.7201, 20.6612, 5.02338, 0, 0
41.7234, 20.6612, 5.02338, 0, 0
41.7268, 20.6612, 5.02338, 0, 0
41.7302, 20.6612, 5.02338, 0, 0
41.7335, 20.6612, 5.02338, 0, 0
41.7368, 20.6612, 5.02338, 0, 0
41.7401, 20.6612, 5.02338, 0, 0
41.7435, 20.6612, 5.02338, 0, 0
41.7468, 20.6612, 5.02338, 0, 0
41.7501, 20.6612, 5.02338, 0, 0
41.7534, 20.6612, 5.02338, 0, 0
41.7568, 20.6612, 5.02338, 0, 0
41.7601, 20.6612, 5.02338, 0, 0
41.7634, 20.6612, 5.02338, 0, 0
41.7668, 20.6612, 5.02338, 0, 0
41.7701, 20.6612, 5.02338, 0, 0
41.7734, 20.6612, 5.02338, 0, 0
41.7768, 20.6612, 5.02338, 0, 0
41.7801, 20.6612, 5.02338, 0, 0
41.7835, 20.6612, 5.02338, 0, 0
41.7868, 20.6612, 5.02338, 0, 0
41.7901, 20.6612, 5.02338, 0, 0
41.7935, 20.6612, 5.02338, 0, 0
41.7967, 20.6612, 5.02338, 0, 0
41.8001, 20.6612, 5.02338, 0, 0
41.8035, 20.6612, 5.02338, 0, 0
41.8068, 20.6612, 5.02338, 0, 0
41.8101, 20.6612, 5.02338, 0, 0
41.8134, 20.6612, 5.02338, 0, 0
41.8168, 20.6612, 5.02338, 0, 0
41.8201, 20.6612, 5.02338, 0, 0
41.8234, 20.6612, 5.02338, 0, 0
41.8268, 20.6612, 5.02338, 0, 0
41.8301, 20.6612, 5.02338, 0, 0
41.8335, 20.6612, 5.02338, 0, 0
41.8368, 20.6612, 5.02338, 0, 0
41.8401, 20.6612, 5.02338, 0, 0
41.8434, 20.6612, 5.02338, 0, 0
41.8468, 20.6612, 5.02338, 0, 0
41.8501, 20.6612, 5.02338, 0, 0
41.8534, 20.6612, 5.02338, 0, 0
41.8568, 20.6612, 5.02338, 0, 0
41.8601, 20.6612, 5.02338, 0, 0
41.8634, 20.6612, 5.02338, 0, 0
41.8668, 20.6612, 5.02338, 0, 0
41.8701, 20.6612, 5.02338, 0, 0
41.8735, 20.6612, 5.02338, 0, 0
41.8768, 20.6612, 5.02338, 0, 0
41.8801, 20.6612, 5.02338, 0, 0
41.8835, 20.6612, 5.02338, 0, 0
41.8868, 20.6612, 5.02338, 0, 0
41.8901, 20.6612, 5.02338, 0, 0
41.8935, 20.6612, 5.02338, 0, 0
41.8968, 20.6612, 5.02338, 0, 0
41.9001, 20.6612, 5.02338, 0, 0
41.9035, 20.6612, 5.02338, 0, 0
41.9068, 20.6612, 5.02338, 0, 0
41.9101, 20.6612, 5.02338, 0, 0
41.9135, 20.6612, 5.02338, 0, 0
41.9168, 20.6612, 5.02338, 0, 0
41.9201, 20.6612, 5.02338, 0, 0
41.9234, 20.6612, 5.02338, 0, 0
41.9268, 20.6612, 5.02338, 0, 0
41.9301, 20.6612, 5.02338, 0, 0
41.9335, 20.6612, 5.02338, 0, 0
41.9368, 20.6612, 5.02338, 0, 0
41.9401, 20.6612, 5.02338, 0, 0
41.9434, 20.6612, 5.02338, 0, 0
41.9468, 20.6612, 5.02338, 0, 0
41.9501, 20.6612, 5.02338, 0, 0
41.9534, 20.6612, 5.02338, 0, 0
41.9568, 20.6612, 5.02338, 0, 0
41.9601, 20.6612, 5.02338, 0, 0
41.9634, 20.6612, 5.02338, 0, 0
41.9668, 20.6612, 5.02338, 0, 0
41.9702, 20.6612, 5.02338, 0, 0
41.9734, 20.6612, 5.02338, 0, 0
41.9768, 20.6612, 5.02338, 0, 0
41.9801, 20.6612, 5.02338, 0, 0
41.9835, 20.6612, 5.02338, 0, 0
41.9868, 20.6612, 5.02338, 0, 0
41.9901, 20.6612, 5.02338, 0, 0
41.9935, 20.6612, 5.02338, 0, 0
41.9968, 20.6612, 5.02338, 0, 0
42.0001, 20.6612, 5.02338, 0, 0
42.0035, 20.6612, 5.02338, 0, 0
42.0068, 20.6612, 5.02338, 0, 0
42.0101, 20.6612, 5.02338, 0, 0
42.0135, 20.6612, 5.02338, 0, 0
42.0168, 20.6612, 5.02338, 0, 0
42.0201, 20.6612, 5.02338, 0, 0
42.0234, 20.6612, 5.02338, 0, 0
42.0268, 20.6612, 5.02338, 0, 0
42.0301, 20.6612, 5.02338, 0, 0
42.0334, 20.6612, 5.02338, 0, 0
42.0368, 20.6612, 5.02338, 0, 0
42.0401, 20.6612, 5.02338, 0, 0
42.0434, 20.6612, 5.02338, 0, 0
42.0468, 20.6612, 5.02338, 0, 0
42.0501, 20.6612, 5.02338, 0, 0
42.0535, 20.6612, 5.02338, 0, 0
42.0568, 20.6612, 5.02338, 0, 0
42.0601, 20.6612, 5.02338, 0, 0
42.0634, 20.6612, 5.02338, 0, 0
42.0668, 20.6612, 5.02338, 0, 0
42.0701, 20.6612, 5.02338, 0, 0
42.0734, 20.6612, 5.02338, 0, 0
42.0768, 20.6612, 5.02338, 0, 0
42.0801, 20.6612, 5.02338, 0, 0
42.0835, 20.6612, 5.02338, 0, 0
42.0868, 20.6612, 5.02338, 0, 0
42.0902, 20.6612, 5.02338, 0, 0
42.0935, 20.6612, 5.02338, 0, 0
42.0968, 20.6612, 5.02338, 0, 0
42.1001, 20.6612, 5.02338, 0, 0
42.1035, 20.6612, 5.02338, 0, 0
42.1068, 20.6612, 5.02338, 0, 0
42.1101, 20.6612, 5.02338, 0, 0
42.1135, 20.6612, 5.02338, 0, 0
42.1168, 20.6612, 5.02338, 0, 0
42.1201, 20.6612, 5.02338, 0, 0
42.1234, 20.6612, 5.02338, 0, 0
42.1268, 20.6612, 5.02338, 0, 0
42.1301, 20.6612, 5.02338, 0, 0
42.1335, 20.6612, 5.02338, 0, 0
42.1368, 20.6612, 5.02338, 0, 0
42.1401, 20.6612, 5.02338, 0, 0
42.1435, 20.6612, 5.02338, 0, 0
42.1468, 20.6612, 5.02338, 0, 0
42.1501, 20.6612, 5.02338, 0, 0
42.1534, 20.6612, 5.02338, 0, 0
42.1567, 20.6612, 5.02338, 0, 0
42.1601, 20.6612, 5.02338, 0, 0
42.1634, 20.6612, 5.02338, 0, 0
42.1668, 20.6612, 5.02338, 0, 0
42.1701, 20.6612, 5.02338, 0, 0
42.1735, 20.6612, 5.02338, 0, 0
42.1768, 20.6612, 5.02338, 0, 0
42.1801, 20.6612, 5.02338, 0, 0
42.1835, 20.6612, 5.02338, 0, 0
42.1867, 20.6612, 5.02338, 0, 0
42.1902, 20.6612, 5.02338, 0, 0
42.1934, 20.6612, 5.02338, 0, 0
42.1968, 20.6612, 5.02338, 0, 0
42.2001, 20.6612, 5.02338, 0, 0
42.2035, 20.6612, 5.02338, 0, 0
42.2068, 20.6612, 5.02338, 0, 0
42.2101, 20.6612, 5.02338, 0, 0
42.2135, 20.6612, 5.02338, 0, 0
42.2168, 20.6612, 5.02338, 0, 0
42.2201, 20.6612, 5.02338, 0, 0
42.2234, 20.6612, 5.02338, 0, 0
42.2268, 20.6612, 5.02338, 0, 0
42.2301, 20.6612, 5.02338, 0, 0
42.2335, 20.6612, 5.02338, 0, 0
42.2368, 20.6612, 5.02338, 0, 0
42.2401, 20.6612, 5.02338, 0, 0
42.2435, 20.6612, 5.02338, 0, 0
42.2467, 20.6612, 5.02338, 0, 0
42.2501, 20.6612, 5.02338, 0, 0
42.2534, 20.6612, 5.02338, 0, 0
42.2568, 20.6612, 5.02338, 0, 0
42.2601, 20.6612, 5.02338, 0, 0
42.2635, 20.6612, 5.02338, 0, 0
42.2668, 20.6612, 5.02338, 0, 0
42.2701, 20.6612, 5.02338, 0, 0
42.2735, 20.6612, 5.02338, 0, 0
42.2768, 20.6612, 5.02338, 0, 0
42.2801, 20.6612, 5.02338, 0, 0
42.2835, 20.6612, 5.02338, 0, 0
42.2868, 20.6612, 5.02338, 0, 0
42.2902, 20.6612, 5.02338, 0, 0
42.2935, 20.6612, 5.02338, 0, 0
42.2967, 20.6612, 5.02338, 0, 0
42.3001, 20.6612, 5.02338, 0, 0
42.3035, 20.6612, 5.02338, 0, 0
42.3068, 20.6612, 5.02338, 0, 0
42.3102, 20.6612, 5.02338, 0, 0
42.3135, 20.6612, 5.02338, 0, 0
42.3168, 20.6612, 5.02338, 0, 0
42.3201, 20.6612, 5.02338, 0, 0
42.3234, 20.6612, 5.02338, 0, 0
42.3268, 20.6612, 5.02338, 0, 0
42.3301, 20.6612, 5.02338, 0, 0
42.3335, 20.6612, 5.02338, 0, 0
42.3368, 20.6612, 5.02338, 0, 0
42.3401, 20.6612, 5.02338, 0, 0
42.3434, 20.6612, 5.02338, 0, 0
42.3468, 20.6612, 5.02338, 0, 0
42.3501, 20.6612, 5.02338, 0, 0
42.3534, 20.6612, 5.02338, 0, 0
42.3568, 20.6612, 5.02338, 0, 0
42.3601, 20.6612, 5.02338, 0, 0
42.3634, 20.6612, 5.02338, 0, 0
42.3668, 20.6612, 5.02338, 0, 0
42.3701, 20.6612, 5.02338, 0, 0
42.3735, 20.6612, 5.02338, 0, 0
42.3768, 20.6612, 5.02338, 0, 0
42.3801, 20.6612, 5.02338, 0, 0
42.3835, 20.6612, 5.02338, 0, 0
42.3868, 20.6612, 5.02338, 0, 0
42.3901, 20.6612, 5.02338, 0, 0
42.3935, 20.6612, 5.02338, 0, 0
42.3968, 20.6612, 5.02338, 0, 0
42.4001, 20.6612, 5.02338, 0, 0
42.4035, 20.6612, 5.02338, 0, 0
42.4068, 20.6612, 5.02338, 0, 0
42.4102, 20.6612, 5.02338, 0, 0
42.4135, 20.6612, 5.02338, 0, 0
42.4168, 20.6612, 5.02338, 0, 0
42.4201, 20.6612, 5.02338, 0, 0
42.4234, 20.6612, 5.02338, 0, 0
42.4268, 20.6612, 5.02338, 0, 0
42.4301, 20.6612, 5.02338, 0, 0
42.4334, 20.6612, 5.02338, 0, 0
42.4368, 20.6612, 5.02338, 0, 0
42.4401, 20.6612, 5.02338, 0, 0
42.4434, 20.6612, 5.02338, 0, 0
42.4468, 20.6612, 5.02338, 0, 0
42.4501, 20.6612, 5.02338, 0, 0
42.4535, 20.6612, 5.02338, 0, 0
42.4568, 20.6612, 5.02338, 0, 0
42.4601, 20.6612, 5.02338, 0, 0
42.4634, 20.6612, 5.02338, 0, 0
42.4668, 20.6612, 5.02338, 0, 0
42.4701, 20.6612, 5.02338, 0, 0
42.4735, 20.6612, 5.02338, 0, 0
42.4768, 20.6612, 5.02338, 0, 0
42.4801, 20.6612, 5.02338, 0, 0
42.4834, 20.6612, 5.02338, 0, 0
42.4868, 20.6612, 5.02338, 0, 0
42.4902, 20.6612, 5.02338, 0, 0
42.4935, 20.6612, 5.02338, 0, 0
42.4968, 20.6612, 5.02338, 0, 0
42.5001, 20.6612, 5.02338, 0, 0
42.5035, 20.6612, 5.02338, 0, 0
42.5068, 20.6612, 5.02338, 0, 0
42.5102, 20.6612, 5.02338, 0, 0
42.5135, 20.6612, 5.02338, 0, 0
42.5168, 20.6612, 5.02338, 0, 0
42.5201, 20.6612, 5.02338, 0, 0
42.5235, 20.6612, 5.02338, 0, 0
42.5268, 20.6612, 5.02338, 0, 0
42.5301, 20.6612, 5.02338, 0, 0
42.5335, 20.6612, 5.02338, 0, 0
42.5368, 20.6612, 5.02338, 0, 0
42.5401, 20.6612, 5.02338, 0, 0
42.5435, 20.6612, 5.02338, 0, 0
42.5468, 20.6612, 5.02338, 0, 0
42.5501, 20.6612, 5.02338, 0, 0
42.5535, 20.6612, 5.02338, 0, 0
42.5568, 20.6612, 5.02338, 0, 0
42.5601, 20.6612, 5.02338, 0, 0
42.5635, 20.6612, 5.02338, 0, 0
42.5668, 20.6612, 5.02338, 0, 0
42.5701, 20.6612, 5.02338, 0, 0
42.5735, 20.6612, 5.02338, 0, 0
42.5768, 20.6612, 5.02338, 0, 0
42.5801, 20.6612, 5.02338, 0, 0
42.5835, 20.6612, 5.02338, 0, 0
42.5868, 20.6612, 5.02338, 0, 0
42.5901, 20.6612, 5.02338, 0, 0
42.5934, 20.6612, 5.02338, 0, 0
42.5967, 20.6612, 5.02338, 0, 0
42.6001, 20.6612, 5.02338, 0, 0
42.6034, 20.6612, 5.02338, 0, 0
42.6068, 20.6612, 5.02338, 0, 0
42.6101, 20.6612, 5.02338, 0, 0
42.6134, 20.6612, 5.02338, 0, 0
42.6168, 20.6612, 5.02338, 0, 0
42.6201, 20.6612, 5.02338, 0, 0
42.6234, 20.6612, 5.02338, 0, 0
42.6268, 20.6612, 5.02338, 0, 0
42.6301, 20.6612, 5.02338, 0, 0
42.6334, 20.6612, 5.02338, 0, 0
42.6368, 20.6612, 5.02338, 0, 0
42.6401, 20.6612, 5.02338, 0, 0
42.6435, 20.6612, 5.02338, 0, 0
42.6468, 20.6612, 5.02338, 0, 0
42.6501, 20.6612, 5.02338, 0, 0
42.6535, 20.6612, 5.02338, 0, 0
42.6568, 20.6612, 5.02338, 0, 0
42.6601, 20.6612, 5.02338, 0, 0
42.6635, 20.6612, 5.02338, 0, 0
42.6668, 20.6612, 5.02338, 0, 0
42.6701, 20.6612, 5.02338, 0, 0
42.6734, 20.6612, 5.02338, 0, 0
42.6768, 20.6612, 5.02338, 0, 0
42.6801, 20.6612, 5.02338, 0, 0
42.6834, 20.6612, 5.02338, 0, 0
42.6868, 20.6612, 5.02338, 0, 0
42.6901, 20.6612, 5.02338, 0, 0
42.6934, 20.6612, 5.02338, 0, 0
42.6968, 20.6612, 5.02338, 0, 0
42.7001, 20.6612, 5.02338, 0, 0
42.7034, 20.6612, 5.02338, 0, 0
42.7068, 20.6612, 5.02338, 0, 0
42.7101, 20.6612, 5.02338, 0, 0
42.7134, 20.6612, 5.02338, 0, 0
42.7168, 20.6612, 5.02338, 0, 0
42.7201, 20.6612, 5.02338, 0, 0
42.7234, 20.6612, 5.02338, 0, 0
42.7268, 20.6612, 5.02338, 0, 0
42.7302, 20.6612, 5.02338, 0, 0
42.7335, 20.6612, 5.02338, 0, 0
42.7368, 20.6612, 5.02338, 0, 0
42.7402, 20.6612, 5.02338, 0, 0
42.7435, 20.6612, 5.02338, 0, 0
42.7468, 20.6612, 5.02338, 0, 0
42.7501, 20.6612, 5.02338, 0, 0
42.7535, 20.6612, 5.02338, 0, 0
42.7568, 20.6612, 5.02338, 0, 0
42.7601, 20.6612, 5.02338, 0, 0
42.7635, 20.6612, 5.02338, 0, 0
42.7668, 20.6612, 5.02338, 0, 0
42.7701, 20.6612, 5.02338, 0, 0
42.7735, 20.6612, 5.02338, 0, 0
42.7768, 20.6612, 5.02338, 0, 0
42.7801, 20.6612, 5.02338, 0, 0
42.7835, 20.6612, 5.02338, 0, 0
42.7868, 20.6612, 5.02338, 0, 0
42.7901, 20.6612, 5.02338, 0, 0
42.7935, 20.6612, 5.02338, 0, 0
42.7968, 20.6612, 5.02338, 0, 0
42.8001, 20.6612, 5.02338, 0, 0
42.8035, 20.6612, 5.02338, 0, 0
42.8067, 20.6612, 5.02338, 0, 0
42.8101, 20.6612, 5.02338, 0, 0
42.8134, 20.6612, 5.02338, 0, 0
42.8168, 20.6612, 5.02338, 0, 0
42.8201, 20.6612, 5.02338, 0, 0
42.8235, 20.6612, 5.02338, 0, 0
42.8268, 20.6612, 5.02338, 0, 0
42.8302, 20.6612, 5.02338, 0, 0
42.8335, 20.6612, 5.02338, 0, 0
42.8368, 20.6612, 5.02338, 0, 0
42.8402, 20.6612, 5.02338, 0, 0
42.8435, 20.6612, 5.02338, 0, 0
42.8468, 20.6612, 5.02338, 0, 0
42.8501, 20.6612, 5.02338, 0, 0
42.8535, 20.6612, 5.02338, 0, 0
42.8568, 20.6612, 5.02338, 0, 0
42.8601, 20.6612, 5.02338, 0, 0
42.8635, 20.6612, 5.02338, 0, 0
42.8668, 20.6612, 5.02338, 0, 0
42.8701, 20.6612, 5.02338, 0, 0
42.8735, 20.6612, 5.02338, 0, 0
42.8768, 20.6612, 5.02338, 0, 0
42.8801, 20.6612, 5.02338, 0, 0
42.8835, 20.6612, 5.02338, 0, 0
42.8868, 20.6612, 5.02338, 0, 0
42.8901, 20.6612, 5.02338, 0, 0
42.8934, 20.6612, 5.02338, 0, 0
42.8968, 20.6612, 5.02338, 0, 0
42.9001, 20.6612, 5.02338, 0, 0
42.9035, 20.6612, 5.02338, 0, 0
42.9068, 20.6612, 5.02338, 0, 0
42.9101, 20.6612, 5.02338, 0, 0
42.9134, 20.6612, 5.02338, 0, 0
42.9168, 20.6612, 5.02338, 0, 0
42.9201, 20.6612, 5.02338, 0, 0
42.9235, 20.6612, 5.02338, 0, 0
42.9268, 20.6612, 5.02338, 0, 0
42.9301, 20.6612, 5.02338, 0, 0
42.9335, 20.6612, 5.02338, 0, 0
42.9368, 20.6612, 5.02338, 0, 0
42.9402, 20.6612, 5.02338, 0, 0
42.9435, 20.6612, 5.02338, 0, 0
42.9468, 20.6612, 5.02338, 0, 0
42.9502, 20.6612, 5.02338, 0, 0
42.9535, 20.6612, 5.02338, 0, 0
42.9568, 20.6612, 5.02338, 0, 0
42.9601, 20.6612, 5.02338, 0, 0
42.9635, 20.6612, 5.02338, 0, 0
42.9668, 20.6612, 5.02338, 0, 0
42.9701, 20.6612, 5.02338, 0, 0
42.9735, 20.6612, 5.02338, 0, 0
42.9768, 20.6612, 5.02338, 0, 0
42.9801, 20.6612, 5.02338, 0, 0
42.9834, 20.6612, 5.02338, 0, 0
42.9868, 20.6612, 5.02338, 0, 0
42.9901, 20.6612, 5.02338, 0, 0
42.9934, 20.6612, 5.02338, 0, 0
42.9968, 20.6612, 5.02338, 0, 0
43.0001, 20.6612, 5.02338, 0, 0
43.0035, 20.6612, 5.02338, 0, 0
43.0068, 20.6612, 5.02338, 0, 0
43.0101, 20.6612, 5.02338, 0, 0
43.0134, 20.6612, 5.02338, 0, 0
43.0168, 20.6612, 5.02338, 0, 0
43.0201, 20.6612, 5.02338, 0, 0
43.0235, 20.6612, 5.02338, 0, 0
43.0268, 20.6612, 5.02338, 0, 0
43.0301, 20.6612, 5.02338, 0, 0
43.0334, 20.6612, 5.02338, 0, 0
43.0368, 20.6612, 5.02338, 0, 0
43.0401, 20.6612, 5.02338, 0, 0
43.0435, 20.6612, 5.02338, 0, 0
43.0468, 20.6612, 5.02338, 0, 0
43.0502, 20.6612, 5.02338, 0, 0
43.0535, 20.6612, 5.02338, 0, 0
43.0568, 20.6612, 5.02338, 0, 0
43.0601, 20.6612, 5.02338, 0, 0
43.0634, 20.6612, 5.02338, 0, 0
43.0668, 20.6612, 5.02338, 0, 0
43.0702, 20.6612, 5.02338, 0, 0
43.0735, 20.6612, 5.02338, 0, 0
43.0768, 20.6612, 5.02338, 0, 0
43.0801, 20.6612, 5.02338, 0, 0
43.0835, 20.6612, 5.02338, 0, 0
43.0868, 20.6612, 5.02338, 0, 0
43.0901, 20.6612, 5.02338, 0, 0
43.0935, 20.6612, 5.02338, 0, 0
43.0968, 20.6612, 5.02338, 0, 0
43.1001, 20.6612, 5.02338, 0, 0
43.1035, 20.6612, 5.02338, 0, 0
43.1068, 20.6612, 5.02338, 0, 0
43.1101, 20.6612, 5.02338, 0, 0
43.1135, 20.6612, 5.02338, 0, 0
43.1168, 20.6612, 5.02338, 0, 0
43.1201, 20.6612, 5.02338, 0, 0
43.1234, 20.6612, 5.02338, 0, 0
43.1268, 20.6612, 5.02338, 0, 0
43.1301, 20.6612, 5.02338, 0, 0
43.1335, 20.6612, 5.02338, 0, 0
43.1368, 20.6612, 5.02338, 0, 0
43.1401, 20.6612, 5.02338, 0, 0
43.1435, 20.6612, 5.02338, 0, 0
43.1468, 20.6612, 5.02338, 0, 0
43.1502, 20.6612, 5.02338, 0, 0
43.1535, 20.6612, 5.02338, 0, 0
43.1568, 20.6612, 5.02338, 0, 0
43.1601, 20.6612, 5.02338, 0, 0
43.1635, 20.6612, 5.02338, 0, 0
43.1668, 20.6612, 5.02338, 0, 0
43.1702, 20.6612, 5.02338, 0, 0
43.1735, 20.6612, 5.02338, 0, 0
43.1768, 20.6612, 5.02338, 0, 0
43.1801, 20.6612, 5.02338, 0, 0
43.1835, 20.6612, 5.02338, 0, 0
43.1868, 20.6612, 5.02338, 0, 0
43.1901, 20.6612, 5.02338, 0, 0
43.1935, 20.6612, 5.02338, 0, 0
43.1968, 20.6612, 5.02338, 0, 0
43.2001, 20.6612, 5.02338, 0, 0
43.2035, 20.6612, 5.02338, 0, 0
43.2068, 20.6612, 5.02338, 0, 0
43.2101, 20.6612, 5.02338, 0, 0
43.2134, 20.6612, 5.02338, 0, 0
43.2168, 20.6612, 5.02338, 0, 0
43.2201, 20.6612, 5.02338, 0, 0
43.2235, 20.6612, 5.02338, 0, 0
43.2268, 20.6612, 5.02338, 0, 0
43.2301, 20.6612, 5.02338, 0, 0
43.2335, 20.6612, 5.02338, 0, 0
43.2368, 20.6612, 5.02338, 0, 0
43.2401, 20.6612, 5.02338, 0, 0
43.2435, 20.6612, 5.02338, 0, 0
43.2468, 20.6612, 5.02338, 0, 0
43.2502, 20.6612, 5.02338, 0, 0
43.2535, 20.6612, 5.02338, 0, 0
43.2568, 20.6612, 5.02338, 0, 0
43.2601, 20.6612, 5.02338, 0, 0
43.2635, 20.6612, 5.02338, 0, 0
43.2668, 20.6612, 5.02338, 0, 0
43.2702, 20.6612, 5.02338, 0, 0
43.2735, 20.6612, 5.02338, 0, 0
43.2768, 20.6612, 5.02338, 0, 0
43.2801, 20.6612, 5.02338, 0, 0
43.2835, 20.6612, 5.02338, 0, 0
43.2868, 20.6612, 5.02338, 0, 0
43.2901, 20.6612, 5.02338, 0, 0
43.2935, 20.6612, 5.02338, 0, 0
43.2968, 20.6612, 5.02338, 0, 0
43.3002, 20.6612, 5.02338, 0, 0
43.3034, 20.6612, 5.02338, 0, 0
43.3068, 20.6612, 5.02338, 0, 0
43.3101, 20.6612, 5.02338, 0, 0
43.3134, 20.6612, 5.02338, 0, 0
43.3168, 20.6612, 5.02338, 0, 0
43.3201, 20.6612, 5.02338, 0, 0
43.3235, 20.6612, 5.02338, 0, 0
43.3268, 20.6612, 5.02338, 0, 0
43.3301, 20.6612, 5.02338, 0, 0
43.3335, 20.6612, 5.02338, 0, 0
43.3368, 20.6612, 5.02338, 0, 0
43.3401, 20.6612, 5.02338, 0, 0
43.3435, 20.6612, 5.02338, 0, 0
43.3468, 20.6612, 5.02338, 0, 0
43.3501, 20.6612, 5.02338, 0, 0
43.3535, 20.6612, 5.02338, 0, 0
43.3568, 20.6612, 5.02338, 0, 0
43.3601, 20.6612, 5.02338, 0, 0
43.3635, 20.6612, 5.02338, 0, 0
43.3668, 20.6612, 5.02338, 0, 0
43.3702, 20.6612, 5.02338, 0, 0
43.3735, 20.6612, 5.02338, 0, 0
43.3768, 20.6612, 5.02338, 0, 0
43.3802, 20.6612, 5.02338, 0, 0
43.3835, 20.6612, 5.02338, 0, 0
43.3868, 20.6612, 5.02338, 0, 0
43.3902, 20.6612, 5.02338, 0, 0
43.3935, 20.6612, 5.02338, 0, 0
43.3967, 20.6612, 5.02338, 0, 0
43.4001, 20.6612, 5.02338, 0, 0
43.4035, 20.6612, 5.02338, 0, 0
43.4068, 20.6612, 5.02338, 0, 0
43.4101, 20.6612, 5.02338, 0, 0
43.4135, 20.6612, 5.02338, 0, 0
43.4168, 20.6612, 5.02338, 0, 0
43.4201, 20.6612, 5.02338, 0, 0
43.4235, 20.6612, 5.02338, 0, 0
43.4268, 20.6612, 5.02338, 0, 0
43.4301, 20.6612, 5.02338, 0, 0
43.4335, 20.6612, 5.02338, 0, 0
43.4368, 20.6612, 5.02338, 0, 0
43.4401, 20.6612, 5.02338, 0, 0
43.4435, 20.6612, 5.02338, 0, 0
43.4468, 20.6612, 5.02338, 0, 0
43.4501, 20.6612, 5.02338, 0, 0
43.4535, 20.6612, 5.02338, 0, 0
43.4568, 20.6612, 5.02338, 0, 0
43.4601, 20.6612, 5.02338, 0, 0
43.4635, 20.6612, 5.02338, 0, 0
43.4668, 20.6612, 5.02338, 0, 0
43.4702, 20.6612, 5.02338, 0, 0
43.4735, 20.6612, 5.02338, 0, 0
43.4768, 20.6612, 5.02338, 0, 0
43.4802, 20.6612, 5.02338, 0, 0
43.4835, 20.6612, 5.02338, 0, 0
43.4868, 20.6612, 5.02338, 0, 0
43.4901, 20.6612, 5.02338, 0, 0
43.4934, 20.6612, 5.02338, 0, 0
43.4968, 20.6612, 5.02338, 0, 0
43.5001, 20.6612, 5.02338, 0, 0
43.5035, 20.6612, 5.02338, 0, 0
43.5068, 20.6612, 5.02338, 0, 0
43.5101, 20.6612, 5.02338, 0, 0
43.5135, 20.6612, 5.02338, 0, 0
43.5168, 20.6612, 5.02338, 0, 0
43.5201, 20.6612, 5.02338, 0, 0
43.5235, 20.6612, 5.02338, 0, 0
43.5268, 20.6612, 5.02338, 0, 0
43.5301, 20.6612, 5.02338, 0, 0
43.5335, 20.6612, 5.02338, 0, 0
43.5368, 20.6612, 5.02338, 0, 0
43.5401, 20.6612, 5.02338, 0, 0
43.5435, 20.6612, 5.02338, 0, 0
43.5468, 20.6612, 5.02338, 0, 0
43.5501, 20.6612, 5.02338, 0, 0
43.5535, 20.6612, 5.02338, 0, 0
43.5568, 20.6612, 5.02338, 0, 0
43.5601, 20.6612, 5.02338, 0, 0
43.5635, 20.6612, 5.02338, 0, 0
43.5668, 20.6612, 5.02338, 0, 0
43.5701, 20.6612, 5.02338, 0, 0
43.5735, 20.6612, 5.02338, 0, 0
43.5768, 20.6612, 5.02338, 0, 0
43.5802, 20.6612, 5.02338, 0, 0
43.5834, 20.6612, 5.02338, 0, 0
43.5868, 20.6612, 5.02338, 0, 0
43.5901, 20.6612, 5.02338, 0, 0
43.5934, 20.6612, 5.02338, 0, 0
43.5968, 20.6612, 5.02338, 0, 0
43.6002, 20.6612, 5.02338, 0, 0
43.6034, 20.6612, 5.02338, 0, 0
43.6067, 20.6612, 5.02338, 0, 0
43.6101, 20.6612, 5.02338, 0, 0
43.6135, 20.6612, 5.02338, 0, 0
43.6168, 20.6612, 5.02338, 0, 0
43.6201, 20.6612, 5.02338, 0, 0
43.6234, 20.6612, 5.02338, 0, 0
43.6267, 20.6612, 5.02338, 0, 0
43.6301, 20.6612, 5.02338, 0, 0
43.6334, 20.6612, 5.02338, 0, 0
43.6368, 20.6612, 5.02338, 0, 0
43.6401, 20.6612, 5.02338, 0, 0
43.6435, 20.6612, 5.02338, 0, 0
43.6468, 20.6612, 5.02338, 0, 0
43.6502, 20.6612, 5.02338, 0, 0
43.6535, 20.6612, 5.02338, 0, 0
43.6568, 20.6612, 5.02338, 0, 0
43.6602, 20.6612, 5.02338, 0, 0
43.6635, 20.6612, 5.02338, 0, 0
43.6668, 20.6612, 5.02338, 0, 0
43.6702, 20.6612, 5.02338, 0, 0
43.6735, 20.6612, 5.02338, 0, 0
43.6768, 20.6612, 5.02338, 0, 0
43.6801, 20.6612, 5.02338, 0, 0
43.6835, 20.6612, 5.02338, 0, 0
43.6868, 20.6612, 5.02338, 0, 0
43.6902, 20.6612, 5.02338, 0, 0
43.6935, 20.6612, 5.02338, 0, 0
43.6968, 20.6612, 5.02338, 0, 0
43.7002, 20.6612, 5.02338, 0, 0
43.7035, 20.6612, 5.02338, 0, 0
43.7068, 20.6612, 5.02338, 0, 0
43.7102, 20.6612, 5.02338, 0, 0
43.7135, 20.6612, 5.02338, 0, 0
43.7168, 20.6612, 5.02338, 0, 0
43.7202, 20.6612, 5.02338, 0, 0
43.7234, 20.6612, 5.02338, 0, 0
43.7268, 20.6612, 5.02338, 0, 0
43.7301, 20.6612, 5.02338, 0, 0
43.7335, 20.6612, 5.02338, 0, 0
43.7368, 20.6612, 5.02338, 0, 0
43.7401, 20.6612, 5.02338, 0, 0
43.7435, 20.6612, 5.02338, 0, 0
43.7468, 20.6612, 5.02338, 0, 0
43.7501, 20.6612, 5.02338, 0, 0
43.7535, 20.6612, 5.02338, 0, 0
43.7568, 20.6612, 5.02338, 0, 0
43.7601, 20.6612, 5.02338, 0, 0
43.7635, 20.6612, 5.02338, 0, 0
43.7668, 20.6612, 5.02338, 0, 0
43.7701, 20.6612, 5.02338, 0, 0
43.7735, 20.6612, 5.02338, 0, 0
43.7768, 20.6612, 5.02338, 0, 0
43.7801, 20.6612, 5.02338, 0, 0
43.7835, 20.6612, 5.02338, 0, 0
43.7868, 20.6612, 5.02338, 0, 0
43.7901, 20.6612, 5.02338, 0, 0
43.7935, 20.6612, 5.02338, 0, 0
43.7968, 20.6612, 5.02338, 0, 0
43.8002, 20.6612, 5.02338, 0, 0
43.8035, 20.6612, 5.02338, 0, 0
43.8068, 20.6612, 5.02338, 0, 0
43.8102, 20.6612, 5.02338, 0, 0
43.8135, 20.6612, 5.02338, 0, 0
43.8168, 20.6612, 5.02338, 0, 0
43.8201, 20.6612, 5.02338, 0, 0
43.8235, 20.6612, 5.02338, 0, 0
43.8268, 20.6612, 5.02338, 0, 0
43.8301, 20.6612, 5.02338, 0, 0
43.8334, 20.6612, 5.02338, 0, 0
43.8368, 20.6612, 5.02338, 0, 0
43.8401, 20.6612, 5.02338, 0, 0
43.8435, 20.6612, 5.02338, 0, 0
43.8468, 20.6612, 5.02338, 0, 0
43.8501, 20.6612, 5.02338, 0, 0
43.8534, 20.6612, 5.02338, 0, 0
43.8568, 20.6612, 5.02338, 0, 0
43.8601, 20.6612, 5.02338, 0, 0
43.8634, 20.6612, 5.02338, 0, 0
43.8668, 20.6612, 5.02338, 0, 0
43.8701, 20.6612, 5.02338, 0, 0
43.8735, 20.6612, 5.02338, 0, 0
43.8768, 20.6612, 5.02338, 0, 0
43.8802, 20.6612, 5.02338, 0, 0
43.8835, 20.6612, 5.02338, 0, 0
43.8868, 20.6612, 5.02338, 0, 0
43.8901, 20.6612, 5.02338, 0, 0
43.8935, 20.6612, 5.02338, 0, 0
43.8968, 20.6612, 5.02338, 0, 0
43.9002, 20.6612, 5.02338, 0, 0
43.9035, 20.6612, 5.02338, 0, 0
43.9068, 20.6612, 5.02338, 0, 0
43.9102, 20.6612, 5.02338, 0, 0
43.9135, 20.6612, 5.02338, 0, 0
43.9168, 20.6612, 5.02338, 0, 0
43.9201, 20.6612, 5.02338, 0, 0
43.9235, 20.6612, 5.02338, 0, 0
43.9268, 20.6612, 5.02338, 0, 0
43.9301, 20.6612, 5.02338, 0, 0
43.9335, 20.6612, 5.02338, 0, 0
43.9368, 20.6612, 5.02338, 0, 0
43.9401, 20.6612, 5.02338, 0, 0
43.9434, 20.6612, 5.02338, 0, 0
43.9468, 20.6612, 5.02338, 0, 0
43.9501, 20.6612, 5.02338, 0, 0
43.9535, 20.6612, 5.02338, 0, 0
43.9568, 20.6612, 5.02338, 0, 0
43.9601, 20.6612, 5.02338, 0, 0
43.9635, 20.6612, 5.02338, 0, 0
43.9668, 20.6612, 5.02338, 0, 0
43.9701, 20.6612, 5.02338, 0, 0
43.9735, 20.6612, 5.02338, 0, 0
43.9768, 20.6612, 5.02338, 0, 0
43.9801, 20.6612, 5.02338, 0, 0
43.9834, 20.6612, 5.02338, 0, 0
43.9868, 20.6612, 5.02338, 0, 0
43.9901, 20.6612, 5.02338, 0, 0
43.9935, 20.6612, 5.02338, 0, 0
43.9968, 20.6612, 5.02338, 0, 0
44.0001, 20.6612, 5.02338, 0, 0
44.0035, 20.6612, 5.02338, 0, 0
44.0068, 20.6612, 5.02338, 0, 0
44.0102, 20.6612, 5.02338, 0, 0
44.0135, 20.6612, 5.02338, 0, 0
44.0168, 20.6612, 5.02338, 0, 0
44.0201, 20.6612, 5.02338, 0, 0
44.0234, 20.6612, 5.02338, 0, 0
44.0268, 20.6612, 5.02338, 0, 0
44.0301, 20.6612, 5.02338, 0, 0
44.0334, 20.6612, 5.02338, 0, 0
44.0368, 20.6612, 5.02338, 0, 0
44.0401, 20.6612, 5.02338, 0, 0
44.0435, 20.6612, 5.02338, 0, 0
44.0468, 20.6612, 5.02338, 0, 0
44.0501, 20.6612, 5.02338, 0, 0
44.0535, 20.6612, 5.02338, 0, 0
44.0568, 20.6612, 5.02338, 0, 0
44.0601, 20.6612, 5.02338, 0, 0
44.0635, 20.6612, 5.02338, 0, 0
44.0668, 20.6612, 5.02338, 0, 0
44.0701, 20.6612, 5.02338, 0, 0
44.0735, 20.6612, 5.02338, 0, 0
44.0768, 20.6612, 5.02338, 0, 0
44.0801, 20.6612, 5.02338, 0, 0
44.0834, 20.6612, 5.02338, 0, 0
44.0868, 20.6612, 5.02338, 0, 0
44.0901, 20.6612, 5.02338, 0, 0
44.0935, 20.6612, 5.02338, 0, 0
44.0968, 20.6612, 5.02338, 0, 0
44.1001, 20.6612, 5.02338, 0, 0
44.1034, 20.6612, 5.02338, 0, 0
44.1068, 20.6612, 5.02338, 0, 0
44.1101, 20.6612, 5.02338, 0, 0
44.1134, 20.6612, 5.02338, 0, 0
44.1168, 20.6612, 5.02338, 0, 0
44.1201, 20.6612, 5.02338, 0, 0
44.1234, 20.6612, 5.02338, 0, 0
44.1268, 20.6612, 5.02338, 0, 0
44.1301, 20.6612, 5.02338, 0, 0
44.1334, 20.6612, 5.02338, 0, 0
44.1368, 20.6612, 5.02338, 0, 0
44.1401, 20.6612, 5.02338, 0, 0
44.1434, 20.6612, 5.02338, 0, 0
44.1468, 20.6612, 5.02338, 0, 0
44.1501, 20.6612, 5.02338, 0, 0
44.1534, 20.6612, 5.02338, 0, 0
44.1568, 20.6612, 5.02338, 0, 0
44.1601, 20.6612, 5.02338, 0, 0
44.1634, 20.6612, 5.02338, 0, 0
44.1668, 20.6612, 5.02338, 0, 0
44.1701, 20.6612, 5.02338, 0, 0
44.1734, 20.6612, 5.02338, 0, 0
44.1768, 20.6612, 5.02338, 0, 0
44.1801, 20.6612, 5.02338, 0, 0
44.1834, 20.6612, 5.02338, 0, 0
44.1868, 20.6612, 5.02338, 0, 0
44.1901, 20.6612, 5.02338, 0, 0
44.1934, 20.6612, 5.02338, 0, 0
44.1968, 20.6612, 5.02338, 0, 0
44.2001, 20.6612, 5.02338, 0, 0
44.2035, 20.6612, 5.02338, 0, 0
44.2068, 20.6612, 5.02338, 0, 0
44.2101, 20.6612, 5.02338, 0, 0
44.2134, 20.6612, 5.02338, 0, 0
44.2168, 20.6612, 5.02338, 0, 0
44.2202, 20.6612, 5.02338, 0, 0
44.2234, 20.6612, 5.02338, 0, 0
44.2268, 20.6612, 5.02338, 0, 0
44.2301, 20.6612, 5.02338, 0, 0
44.2334, 20.6612, 5.02338, 0, 0
44.2368, 20.6612, 5.02338, 0, 0
44.2401, 20.6612, 5.02338, 0, 0
44.2434, 20.6612, 5.02338, 0, 0
44.2468, 20.6612, 5.02338, 0, 0
44.2501, 20.6612, 5.02338, 0, 0
44.2534, 20.6612, 5.02338, 0, 0
44.2568, 20.6612, 5.02338, 0, 0
44.2601, 20.6612, 5.02338, 0, 0
44.2635, 20.6612, 5.02338, 0, 0
44.2668, 20.6612, 5.02338, 0, 0
44.2701, 20.6612, 5.02338, 0, 0
44.2734, 20.6612, 5.02338, 0, 0
44.2767, 20.6612, 5.02338, 0, 0
44.2801, 20.6612, 5.02338, 0, 0
44.2834, 20.6612, 5.02338, 0, 0
44.2868, 20.6612, 5.02338, 0, 0
44.2901, 20.6612, 5.02338, 0, 0
44.2935, 20.6612, 5.02338, 0, 0
44.2968, 20.6612, 5.02338, 0, 0
44.3001, 20.6612, 5.02338, 0, 0
44.3034, 20.6612, 5.02338, 0, 0
44.3068, 20.6612, 5.02338, 0, 0
44.3101, 20.6612, 5.02338, 0, 0
44.3134, 20.6612, 5.02338, 0, 0
44.3168, 20.6612, 5.02338, 0, 0
44.3201, 20.6612, 5.02338, 0, 0
44.3234, 20.6612, 5.02338, 0, 0
44.3268, 20.6612, 5.02338, 0, 0
44.3302, 20.6612, 5.02338, 0, 0
44.3334, 20.6612, 5.02338, 0, 0
44.3368, 20.6612, 5.02338, 0, 0
44.3401, 20.6612, 5.02338, 0, 0
44.3435, 20.6612, 5.02338, 0, 0
44.3468, 20.6612, 5.02338, 0, 0
44.3501, 20.6612, 5.02338, 0, 0
44.3535, 20.6612, 5.02338, 0, 0
44.3568, 20.6612, 5.02338, 0, 0
44.3601, 20.6612, 5.02338, 0, 0
44.3635, 20.6612, 5.02338, 0, 0
44.3668, 20.6612, 5.02338, 0, 0
44.3701, 20.6612, 5.02338, 0, 0
44.3734, 20.6612, 5.02338, 0, 0
44.3768, 20.6612, 5.02338, 0, 0
44.3801, 20.6612, 5.02338, 0, 0
44.3834, 20.6612, 5.02338, 0, 0
44.3868, 20.6612, 5.02338, 0, 0
44.3901, 20.6612, 5.02338, 0, 0
44.3935, 20.6612, 5.02338, 0, 0
44.3968, 20.6612, 5.02338, 0, 0
44.4001, 20.6612, 5.02338, 0, 0
44.4034, 20.6612, 5.02338, 0, 0
44.4067, 20.6612, 5.02338, 0, 0
44.4101, 20.6612, 5.02338, 0, 0
44.4134, 20.6612, 5.02338, 0, 0
44.4168, 20.6612, 5.02338, 0, 0
44.4201, 20.6612, 5.02338, 0, 0
44.4234, 20.6612, 5.02338, 0, 0
44.4268, 20.6612, 5.02338, 0, 0
44.4301, 20.6612, 5.02338, 0, 0
44.4334, 20.6612, 5.02338, 0, 0
44.4367, 20.6612, 5.02338, 0, 0
44.4401, 20.6612, 5.02338, 0, 0
44.4434, 20.6612, 5.02338, 0, 0
44.4467, 20.6612, 5.02338, 0, 0
44.4501, 20.6612, 5.02338, 0, 0
44.4534, 20.6612, 5.02338, 0, 0
44.4568, 20.6612, 5.02338, 0, 0
44.4601, 20.6612, 5.02338, 0, 0
44.4634, 20.6612, 5.02338, 0, 0
44.4668, 20.6612, 5.02338, 0, 0
44.4701, 20.6612, 5.02338, 0, 0
44.4734, 20.6612, 5.02338, 0, 0
44.4768, 20.6612, 5.02338, 0, 0
44.4801, 20.6612, 5.02338, 0, 0
44.4835, 20.6612, 5.02338, 0, 0
44.4867, 20.6612, 5.02338, 0, 0
44.4901, 20.6612, 5.02338, 0, 0
44.4934, 20.6612, 5.02338, 0, 0
44.4968, 20.6612, 5.02338, 0, 0
44.5001, 20.6612, 5.02338, 0, 0
44.5034, 20.6612, 5.02338, 0, 0
44.5067, 20.6612, 5.02338, 0, 0
44.5101, 20.6612, 5.02338, 0, 0
44.5135, 20.6612, 5.02338, 0, 0
44.5168, 20.6612, 5.02338, 0, 0
44.5201, 20.6612, 5.02338, 0, 0
44.5234, 20.6612, 5.02338, 0, 0
44.5268, 20.6612, 5.02338, 0, 0
44.5301, 20.6612, 5.02338, 0, 0
44.5335, 20.6612, 5.02338, 0, 0
44.5368, 20.6612, 5.02338, 0, 0
44.5401, 20.6612, 5.02338, 0, 0
44.5434, 20.6612, 5.02338, 0, 0
44.5468, 20.6612, 5.02338, 0, 0
44.5502, 20.6612, 5.02338, 0, 0
44.5534, 20.6612, 5.02338, 0, 0
44.5567, 20.6612, 5.02338, 0, 0
44.5601, 20.6612, 5.02338, 0, 0
44.5634, 20.6612, 5.02338, 0, 0
44.5668, 20.6612, 5.02338, 0, 0
44.5701, 20.6612, 5.02338, 0, 0
44.5734, 20.6612, 5.02338, 0, 0
44.5768, 20.6612, 5.02338, 0, 0
44.5801, 20.6612, 5.02338, 0, 0
44.5835, 20.6612, 5.02338, 0, 0
44.5868, 20.6612, 5.02338, 0, 0
44.5901, 20.6612, 5.02338, 0, 0
44.5934, 20.6612, 5.02338, 0, 0
44.5968, 20.6612, 5.02338, 0, 0
44.6001, 20.6612, 5.02338, 0, 0
44.6034, 20.6612, 5.02338, 0, 0
44.6068, 20.6612, 5.02338, 0, 0
44.6101, 20.6612, 5.02338, 0, 0
44.6134, 20.6612, 5.02338, 0, 0
44.6168, 20.6612, 5.02338, 0, 0
44.6201, 20.6612, 5.02338, 0, 0
44.6234, 20.6612, 5.02338, 0, 0
44.6268, 20.6612, 5.02338, 0, 0
44.6301, 20.6612, 5.02338, 0, 0
44.6334, 20.6612, 5.02338, 0, 0
44.6368, 20.6612, 5.02338, 0, 0
44.6401, 20.6612, 5.02338, 0, 0
44.6434, 20.6612, 5.02338, 0, 0
44.6468, 20.6612, 5.02338, 0, 0
44.6501, 20.6612, 5.02338, 0, 0
44.6534, 20.6612, 5.02338, 0, 0
44.6567, 20.6612, 5.02338, 0, 0
44.6601, 20.6612, 5.02338, 0, 0
44.6634, 20.6612, 5.02338, 0, 0
44.6668, 20.6612, 5.02338, 0, 0
44.6701, 20.6612, 5.02338, 0, 0
44.6735, 20.6612, 5.02338, 0, 0
44.6768, 20.6612, 5.02338, 0, 0
44.6801, 20.6612, 5.02338, 0, 0
44.6834, 20.6612, 5.02338, 0, 0
44.6867, 20.6612, 5.02338, 0, 0
44.6901, 20.6612, 5.02338, 0, 0
44.6934, 20.6612, 5.02338, 0, 0
44.6968, 20.6612, 5.02338, 0, 0
44.7001, 20.6612, 5.02338, 0, 0
44.7034, 20.6612, 5.02338, 0, 0
44.7068, 20.6612, 5.02338, 0, 0
44.7101, 20.6612, 5.02338, 0, 0
44.7134, 20.6612, 5.02338, 0, 0
44.7167, 20.6612, 5.02338, 0, 0
44.7201, 20.6612, 5.02338, 0, 0
44.7234, 20.6612, 5.02338, 0, 0
44.7268, 20.6612, 5.02338, 0, 0
44.7301, 20.6612, 5.02338, 0, 0
44.7334, 20.6612, 5.02338, 0, 0
44.7368, 20.6612, 5.02338, 0, 0
44.7401, 20.6612, 5.02338, 0, 0
44.7434, 20.6612, 5.02338, 0, 0
44.7468, 20.6612, 5.02338, 0, 0
44.7501, 20.6612, 5.02338, 0, 0
44.7535, 20.6612, 5.02338, 0, 0
44.7567, 20.6612, 5.02338, 0, 0
44.7602, 20.6612, 5.02338, 0, 0
44.7635, 20.6612, 5.02338, 0, 0
44.7668, 20.6612, 5.02338, 0, 0
44.7701, 20.6612, 5.02338, 0, 0
44.7735, 20.6612, 5.02338, 0, 0
44.7768, 20.6612, 5.02338, 0, 0
44.7802, 20.6612, 5.02338, 0, 0
44.7834, 20.6612, 5.02338, 0, 0
44.7868, 20.6612, 5.02338, 0, 0
44.7901, 20.6612, 5.02338, 0, 0
44.7934, 20.6612, 5.02338, 0, 0
44.7968, 20.6612, 5.02338, 0, 0
44.8001, 20.6612, 5.02338, 0, 0
44.8035, 20.6612, 5.02338, 0, 0
44.8068, 20.6612, 5.02338, 0, 0
44.8101, 20.6612, 5.02338, 0, 0
44.8134, 20.6612, 5.02338, 0, 0
44.8168, 20.6612, 5.02338, 0, 0
44.8201, 20.6612, 5.02338, 0, 0
44.8234, 20.6612, 5.02338, 0, 0
44.8268, 20.6612, 5.02338, 0, 0
44.8301, 20.6612, 5.02338, 0, 0
44.8334, 20.6612, 5.02338, 0, 0
44.8368, 20.6612, 5.02338, 0, 0
44.8401, 20.6612, 5.02338, 0, 0
44.8434, 20.6612, 5.02338, 0, 0
44.8468, 20.6612, 5.02338, 0, 0
44.8501, 20.6612, 5.02338, 0, 0
44.8534, 20.6612, 5.02338, 0, 0
44.8567, 20.6612, 5.02338, 0, 0
44.8601, 20.6612, 5.02338, 0, 0
44.8634, 20.6612, 5.02338, 0, 0
44.8668, 20.6612, 5.02338, 0, 0
44.8701, 20.6612, 5.02338, 0, 0
44.8734, 20.6612, 5.02338, 0, 0
44.8768, 20.6612, 5.02338, 0, 0
44.8801, 20.6612, 5.02338, 0, 0
44.8834, 20.6612, 5.02338, 0, 0
44.8868, 20.6612, 5.02338, 0, 0
44.8901, 20.6612, 5.02338, 0, 0
44.8934, 20.6612, 5.02338, 0, 0
44.8968, 20.6612, 5.02338, 0, 0
44.9001, 20.6612, 5.02338, 0, 0
44.9034, 20.6612, 5.02338, 0, 0
44.9067, 20.6612, 5.02338, 0, 0
44.9101, 20.6612, 5.02338, 0, 0
44.9134, 20.6612, 5.02338, 0, 0
44.9168, 20.6612, 5.02338, 0, 0
44.9201, 20.6612, 5.02338, 0, 0
44.9234, 20.6612, 5.02338, 0, 0
44.9268, 20.6612, 5.02338, 0, 0
44.9301, 20.6612, 5.02338, 0, 0
44.9334, 20.6612, 5.02338, 0, 0
44.9368, 20.6612, 5.02338, 0, 0
44.9401, 20.6612, 5.02338, 0, 0
44.9434, 20.6612, 5.02338, 0, 0
44.9468, 20.6612, 5.02338, 0, 0
44.9501, 20.6612, 5.02338, 0, 0
44.9534, 20.6612, 5.02338, 0, 0
44.9568, 20.6612, 5.02338, 0, 0
44.9601, 20.6612, 5.02338, 0, 0
44.9635, 20.6612, 5.02338, 0, 0
44.9668, 20.6612, 5.02338, 0, 0
44.9701, 20.6612, 5.02338, 0, 0
44.9735, 20.6612, 5.02338, 0, 0
44.9768, 20.6612, 5.02338, 0, 0
44.9801, 20.6612, 5.02338, 0, 0
44.9834, 20.6612, 5.02338, 0, 0
44.9868, 20.6612, 5.02338, 0, 0
44.9901, 20.6612, 5.02338, 0, 0
44.9934, 20.6612, 5.02338, 0, 0
44.9967, 20.6612, 5.02338, 0, 0
45.0001, 20.6612, 5.02338, 0, 0
45.0034, 20.6612, 5.02338, 0, 0
45.0067, 20.6612, 5.02338, 0, 0
45.0101, 20.6612, 5.02338, 0, 0
45.0135, 20.6612, 5.02338, 0, 0
45.0168, 20.6612, 5.02338, 0, 0
45.0201, 20.6612, 5.02338, 0, 0
45.0235, 20.6612, 5.02338, 0, 0
45.0268, 20.6612, 5.02338, 0, 0
45.0301, 20.6612, 5.02338, 0, 0
45.0334, 20.6612, 5.02338, 0, 0
45.0368, 20.6612, 5.02338, 0, 0
45.0401, 20.6612, 5.02338, 0, 0
45.0434, 20.6612, 5.02338, 0, 0
45.0468, 20.6612, 5.02338, 0, 0
45.0501, 20.6612, 5.02338, 0, 0
45.0535, 20.6612, 5.02338, 0, 0
45.0568, 20.6612, 5.02338, 0, 0
45.0601, 20.6612, 5.02338, 0, 0
45.0634, 20.6612, 5.02338, 0, 0
45.0668, 20.6612, 5.02338, 0, 0
45.0701, 20.6612, 5.02338, 0, 0
45.0734, 20.6612, 5.02338, 0, 0
45.0768, 20.6612, 5.02338, 0, 0
45.0801, 20.6612, 5.02338, 0, 0
45.0835, 20.6612, 5.02338, 0, 0
45.0868, 20.6612, 5.02338, 0, 0
45.0901, 20.6612, 5.02338, 0, 0
45.0934, 20.6612, 5.02338, 0, 0
45.0968, 20.6612, 5.02338, 0, 0
45.1001, 20.6612, 5.02338, 0, 0
45.1035, 20.6612, 5.02338, 0, 0
45.1068, 20.6612, 5.02338, 0, 0
45.1101, 20.6612, 5.02338, 0, 0
45.1135, 20.6612, 5.02338, 0, 0
45.1168, 20.6612, 5.02338, 0, 0
45.1201, 20.6612, 5.02338, 0, 0
45.1234, 20.6612, 5.02338, 0, 0
45.1268, 20.6612, 5.02338, 0, 0
45.1301, 20.6612, 5.02338, 0, 0
45.1335, 20.6612, 5.02338, 0, 0
45.1368, 20.6612, 5.02338, 0, 0
45.1401, 20.6612, 5.02338, 0, 0
45.1434, 20.6612, 5.02338, 0, 0
45.1468, 20.6612, 5.02338, 0, 0
45.1501, 20.6612, 5.02338, 0, 0
45.1534, 20.6612, 5.02338, 0, 0
45.1568, 20.6612, 5.02338, 0, 0
45.1601, 20.6612, 5.02338, 0, 0
45.1634, 20.6612, 5.02338, 0, 0
45.1668, 20.6612, 5.02338, 0, 0
45.1701, 20.6612, 5.02338, 0, 0
45.1734, 20.6612, 5.02338, 0, 0
45.1768, 20.6612, 5.02338, 0, 0
45.1801, 20.6612, 5.02338, 0, 0
45.1834, 20.6612, 5.02338, 0, 0
45.1867, 20.6612, 5.02338, 0, 0
45.1901, 20.6612, 5.02338, 0, 0
45.1934, 20.6612, 5.02338, 0, 0
45.1968, 20.6612, 5.02338, 0, 0
45.2002, 20.6612, 5.02338, 0, 0
45.2034, 20.6612, 5.02338, 0, 0
45.2068, 20.6612, 5.02338, 0, 0
45.2102, 20.6612, 5.02338, 0, 0
45.2134, 20.6612, 5.02338, 0, 0
45.2168, 20.6612, 5.02338, 0, 0
45.2201, 20.6612, 5.02338, 0, 0
45.2234, 20.6612, 5.02338, 0, 0
45.2268, 20.6612, 5.02338, 0, 0
45.2301, 20.6612, 5.02338, 0, 0
45.2335, 20.6612, 5.02338, 0, 0
45.2368, 20.6612, 5.02338, 0, 0
45.2401, 20.6612, 5.02338, 0, 0
45.2435, 20.6612, 5.02338, 0, 0
45.2468, 20.6612, 5.02338, 0, 0
45.2501, 20.6612, 5.02338, 0, 0
45.2534, 20.6612, 5.02338, 0, 0
45.2568, 20.6612, 5.02338, 0, 0
45.2601, 20.6612, 5.02338, 0, 0
45.2634, 20.6612, 5.02338, 0, 0
45.2668, 20.6612, 5.02338, 0, 0
45.2701, 20.6612, 5.02338, 0, 0
45.2735, 20.6612, 5.02338, 0, 0
45.2768, 20.6612, 5.02338, 0, 0
45.2801, 20.6612, 5.02338, 0, 0
45.2834, 20.6612, 5.02338, 0, 0
45.2868, 20.6612, 5.02338, 0, 0
45.2901, 20.6612, 5.02338, 0, 0
45.2934, 20.6612, 5.02338, 0, 0
45.2968, 20.6612, 5.02338, 0, 0
45.3001, 20.6612, 5.02338, 0, 0
45.3035, 20.6612, 5.02338, 0, 0
45.3068, 20.6612, 5.02338, 0, 0
45.3101, 20.6612, 5.02338, 0, 0
45.3134, 20.6612, 5.02338, 0, 0
45.3168, 20.6612, 5.02338, 0, 0
45.3201, 20.6612, 5.02338, 0, 0
45.3234, 20.6612, 5.02338, 0, 0
45.3268, 20.6612, 5.02338, 0, 0
45.3301, 20.6612, 5.02338, 0, 0
45.3334, 20.6612, 5.02338, 0, 0
45.3368, 20.6612, 5.02338, 0, 0
45.3401, 20.6612, 5.02338, 0, 0
45.3434, 20.6612, 5.02338, 0, 0
45.3468, 20.6612, 5.02338, 0, 0
45.3501, 20.6612, 5.02338, 0, 0
45.3534, 20.6612, 5.02338, 0, 0
45.3567, 20.6612, 5.02338, 0, 0
45.3601, 20.6612, 5.02338, 0, 0
45.3634, 20.6612, 5.02338, 0, 0
45.3668, 20.6612, 5.02338, 0, 0
45.3701, 20.6612, 5.02338, 0, 0
45.3734, 20.6612, 5.02338, 0, 0
45.3768, 20.6612, 5.02338, 0, 0
45.3801, 20.6612, 5.02338, 0, 0
45.3835, 20.6612, 5.02338, 0, 0
45.3868, 20.6612, 5.02338, 0, 0
45.3901, 20.6612, 5.02338, 0, 0
45.3934, 20.6612, 5.02338, 0, 0
45.3968, 20.6612, 5.02338, 0, 0
45.4001, 20.6612, 5.02338, 0, 0
45.4034, 20.6612, 5.02338, 0, 0
45.4068, 20.6612, 5.02338, 0, 0
45.4101, 20.6612, 5.02338, 0, 0
45.4134, 20.6612, 5.02338, 0, 0
45.4168, 20.6612, 5.02338, 0, 0
45.4201, 20.6612, 5.02338, 0, 0
45.4234, 20.6612, 5.02338, 0, 0
45.4268, 20.6612, 5.02338, 0, 0
45.4301, 20.6612, 5.02338, 0, 0
45.4335, 20.6612, 5.02338, 0, 0
45.4367, 20.6612, 5.02338, 0, 0
45.4401, 20.6612, 5.02338, 0, 0
45.4434, 20.6612, 5.02338, 0, 0
45.4468, 20.6612, 5.02338, 0, 0
45.4501, 20.6612, 5.02338, 0, 0
45.4535, 20.6612, 5.02338, 0, 0
45.4568, 20.6612, 5.02338, 0, 0
45.4601, 20.6612, 5.02338, 0, 0
45.4635, 20.6612, 5.02338, 0, 0
45.4668, 20.6612, 5.02338, 0, 0
45.4701, 20.6612, 5.02338, 0, 0
45.4734, 20.6612, 5.02338, 0, 0
45.4768, 20.6612, 5.02338, 0, 0
45.4801, 20.6612, 5.02338, 0, 0
45.4834, 20.6612, 5.02338, 0, 0
45.4868, 20.6612, 5.02338, 0, 0
45.4901, 20.6612, 5.02338, 0, 0
45.4934, 20.6612, 5.02338, 0, 0
45.4968, 20.6612, 5.02338, 0, 0
45.5001, 20.6612, 5.02338, 0, 0
45.5035, 20.6612, 5.02338, 0, 0
45.5067, 20.6612, 5.02338, 0, 0
45.5101, 20.6612, 5.02338, 0, 0
45.5134, 20.6612, 5.02338, 0, 0
45.5168, 20.6612, 5.02338, 0, 0
45.5202, 20.6612, 5.02338, 0, 0
45.5234, 20.6612, 5.02338, 0, 0
45.5268, 20.6612, 5.02338, 0, 0
45.5301, 20.6612, 5.02338, 0, 0
45.5335, 20.6612, 5.02338, 0, 0
45.5368, 20.6612, 5.02338, 0, 0
45.5401, 20.6612, 5.02338, 0, 0
45.5435, 20.6612, 5.02338, 0, 0
45.5468, 20.6612, 5.02338, 0, 0
45.5501, 20.6612, 5.02338, 0, 0
45.5535, 20.6612, 5.02338, 0, 0
45.5568, 20.6612, 5.02338, 0, 0
45.5601, 20.6612, 5.02338, 0, 0
45.5635, 20.6612, 5.02338, 0, 0
45.5668, 20.6612, 5.02338, 0, 0
45.5701, 20.6612, 5.02338, 0, 0
45.5735, 20.6612, 5.02338, 0, 0
45.5768, 20.6612, 5.02338, 0, 0
45.5801, 20.6612, 5.02338, 0, 0
45.5835, 20.6612, 5.02338, 0, 0
45.5868, 20.6612, 5.02338, 0, 0
45.5901, 20.6612, 5.02338, 0, 0
45.5934, 20.6612, 5.02338, 0, 0
45.5968, 20.6612, 5.02338, 0, 0
45.6001, 20.6612, 5.02338, 0, 0
45.6035, 20.6612, 5.02338, 0, 0
45.6068, 20.6612, 5.02338, 0, 0
45.6101, 20.6612, 5.02338, 0, 0
45.6135, 20.6612, 5.02338, 0, 0
45.6168, 20.6612, 5.02338, 0, 0
45.6202, 20.6612, 5.02338, 0, 0
45.6234, 20.6612, 5.02338, 0, 0
45.6268, 20.6612, 5.02338, 0, 0
45.6302, 20.6612, 5.02338, 0, 0
45.6335, 20.6612, 5.02338, 0, 0
45.6368, 20.6612, 5.02338, 0, 0
45.6401, 20.6612, 5.02338, 0, 0
45.6435, 20.6612, 5.02338, 0, 0
45.6468, 20.6612, 5.02338, 0, 0
45.6501, 20.6612, 5.02338, 0, 0
45.6534, 20.6612, 5.02338, 0, 0
45.6568, 20.6612, 5.02338, 0, 0
45.6601, 20.6612, 5.02338, 0, 0
45.6635, 20.6612, 5.02338, 0, 0
45.6668, 20.6612, 5.02338, 0, 0
45.6701, 20.6612, 5.02338, 0, 0
45.6735, 20.6612, 5.02338, 0, 0
45.6768, 20.6612, 5.02338, 0, 0
45.6801, 20.6612, 5.02338, 0, 0
45.6835, 20.6612, 5.02338, 0, 0
45.6868, 20.6612, 5.02338, 0, 0
45.6901, 20.6612, 5.02338, 0, 0
45.6935, 20.6612, 5.02338, 0, 0
45.6968, 20.6612, 5.02338, 0, 0
45.7001, 20.6612, 5.02338, 0, 0
45.7034, 20.6612, 5.02338, 0, 0
45.7068, 20.6612, 5.02338, 0, 0
45.7101, 20.6612, 5.02338, 0, 0
45.7134, 20.6612, 5.02338, 0, 0
45.7168, 20.6612, 5.02338, 0, 0
45.7202, 20.6612, 5.02338, 0, 0
45.7234, 20.6612, 5.02338, 0, 0
45.7268, 20.6612, 5.02338, 0, 0
45.7302, 20.6612, 5.02338, 0, 0
45.7335, 20.6612, 5.02338, 0, 0
45.7368, 20.6612, 5.02338, 0, 0
45.7401, 20.6612, 5.02338, 0, 0
45.7435, 20.6612, 5.02338, 0, 0
45.7467, 20.6612, 5.02338, 0, 0
45.7501, 20.6612, 5.02338, 0, 0
45.7534, 20.6612, 5.02338, 0, 0
45.7568, 20.6612, 5.02338, 0, 0
45.7601, 20.6612, 5.02338, 0, 0
45.7635, 20.6612, 5.02338, 0, 0
45.7667, 20.6612, 5.02338, 0, 0
45.7701, 20.6612, 5.02338, 0, 0
45.7735, 20.6612, 5.02338, 0, 0
45.7768, 20.6612, 5.02338, 0, 0
45.7801, 20.6612, 5.02338, 0, 0
45.7834, 20.6612, 5.02338, 0, 0
45.7868, 20.6612, 5.02338, 0, 0
45.7901, 20.6612, 5.02338, 0, 0
45.7934, 20.6612, 5.02338, 0, 0
45.7968, 20.6612, 5.02338, 0, 0
45.8001, 20.6612, 5.02338, 0, 0
45.8035, 20.6612, 5.02338, 0, 0
45.8068, 20.6612, 5.02338, 0, 0
45.8101, 20.6612, 5.02338, 0, 0
45.8135, 20.6612, 5.02338, 0, 0
45.8168, 20.6612, 5.02338, 0, 0
45.8202, 20.6612, 5.02338, 0, 0
45.8235, 20.6612, 5.02338, 0, 0
45.8268, 20.6612, 5.02338, 0, 0
45.8302, 20.6612, 5.02338, 0, 0
45.8335, 20.6612, 5.02338, 0, 0
45.8368, 20.6612, 5.02338, 0, 0
45.8401, 20.6612, 5.02338, 0, 0
45.8435, 20.6612, 5.02338, 0, 0
45.8468, 20.6612, 5.02338, 0, 0
45.8501, 20.6612, 5.02338, 0, 0
45.8534, 20.6612, 5.02338, 0, 0
45.8568, 20.6612, 5.02338, 0, 0
45.8601, 20.6612, 5.02338, 0, 0
45.8635, 20.6612, 5.02338, 0, 0
45.8668, 20.6612, 5.02338, 0, 0
45.8701, 20.6612, 5.02338, 0, 0
45.8735, 20.6612, 5.02338, 0, 0
45.8768, 20.6612, 5.02338, 0, 0
45.8801, 20.6612, 5.02338, 0, 0
45.8835, 20.6612, 5.02338, 0, 0
45.8868, 20.6612, 5.02338, 0, 0
45.8901, 20.6612, 5.02338, 0, 0
45.8934, 20.6612, 5.02338, 0, 0
45.8968, 20.6612, 5.02338, 0, 0
45.9001, 20.6612, 5.02338, 0, 0
45.9035, 20.6612, 5.02338, 0, 0
45.9068, 20.6612, 5.02338, 0, 0
45.9101, 20.6612, 5.02338, 0, 0
45.9134, 20.6612, 5.02338, 0, 0
45.9168, 20.6612, 5.02338, 0, 0
45.9201, 20.6612, 5.02338, 0, 0
45.9234, 20.6612, 5.02338, 0, 0
45.9268, 20.6612, 5.02338, 0, 0
45.9301, 20.6612, 5.02338, 0, 0
45.9334, 20.6612, 5.02338, 0, 0
45.9368, 20.6612, 5.02338, 0, 0
45.9401, 20.6612, 5.02338, 0, 0
45.9434, 20.6612, 5.02338, 0, 0
45.9468, 20.6612, 5.02338, 0, 0
45.9502, 20.6612, 5.02338, 0, 0
45.9534, 20.6612, 5.02338, 0, 0
45.9568, 20.6612, 5.02338, 0, 0
45.9601, 20.6612, 5.02338, 0, 0
45.9634, 20.6612, 5.02338, 0, 0
45.9668, 20.6612, 5.02338, 0, 0
45.9701, 20.6612, 5.02338, 0, 0
45.9735, 20.6612, 5.02338, 0, 0
45.9768, 20.6612, 5.02338, 0, 0
45.9801, 20.6612, 5.02338, 0, 0
45.9835, 20.6612, 5.02338, 0, 0
45.9868, 20.6612, 5.02338, 0, 0
45.9901, 20.6612, 5.02338, 0, 0
45.9934, 20.6612, 5.02338, 0, 0
45.9968, 20.6612, 5.02338, 0, 0
46.0001, 20.6612, 5.02338, 0, 0
46.0034, 20.6612, 5.02338, 0, 0
46.0068, 20.6612, 5.02338, 0, 0
46.0101, 20.6612, 5.02338, 0, 0
46.0135, 20.6612, 5.02338, 0, 0
46.0168, 20.6612, 5.02338, 0, 0
46.0201, 20.6612, 5.02338, 0, 0
46.0235, 20.6612, 5.02338, 0, 0
46.0268, 20.6612, 5.02338, 0, 0
46.0301, 20.6612, 5.02338, 0, 0
46.0335, 20.6612, 5.02338, 0, 0
46.0368, 20.6612, 5.02338, 0, 0
46.0401, 20.6612, 5.02338, 0, 0
46.0435, 20.6612, 5.02338, 0, 0
46.0468, 20.6612, 5.02338, 0, 0
46.0502, 20.6612, 5.02338, 0, 0
46.0534, 20.6612, 5.02338, 0, 0
46.0568, 20.6612, 5.02338, 0, 0
46.0601, 20.6612, 5.02338, 0, 0
46.0634, 20.6612, 5.02338, 0, 0
46.0667, 20.6612, 5.02338, 0, 0
46.0701, 20.6612, 5.02338, 0, 0
46.0734, 20.6612, 5.02338, 0, 0
46.0768, 20.6612, 5.02338, 0, 0
46.0801, 20.6612, 5.02338, 0, 0
46.0835, 20.6612, 5.02338, 0, 0
46.0868, 20.6612, 5.02338, 0, 0
46.0901, 20.6612, 5.02338, 0, 0
46.0934, 20.6612, 5.02338, 0, 0
46.0968, 20.6612, 5.02338, 0, 0
46.1001, 20.6612, 5.02338, 0, 0
46.1035, 20.6612, 5.02338, 0, 0
46.1068, 20.6612, 5.02338, 0, 0
46.1101, 20.6612, 5.02338, 0, 0
46.1134, 20.6612, 5.02338, 0, 0
46.1168, 20.6612, 5.02338, 0, 0
46.1201, 20.6612, 5.02338, 0, 0
46.1235, 20.6612, 5.02338, 0, 0
46.1268, 20.6612, 5.02338, 0, 0
46.1301, 20.6612, 5.02338, 0, 0
46.1334, 20.6612, 5.02338, 0, 0
46.1368, 20.6612, 5.02338, 0, 0
46.1401, 20.6612, 5.02338, 0, 0
46.1435, 20.6612, 5.02338, 0, 0
46.1468, 20.6612, 5.02338, 0, 0
46.1501, 20.6612, 5.02338, 0, 0
46.1534, 20.6612, 5.02338, 0, 0
46.1568, 20.6612, 5.02338, 0, 0
46.1601, 20.6612, 5.02338, 0, 0
46.1634, 20.6612, 5.02338, 0, 0
46.1667, 20.6612, 5.02338, 0, 0
46.1702, 20.6612, 5.02338, 0, 0
46.1735, 20.6612, 5.02338, 0, 0
46.1768, 20.6612, 5.02338, 0, 0
46.1801, 20.6612, 5.02338, 0, 0
46.1834, 20.6612, 5.02338, 0, 0
46.1868, 20.6612, 5.02338, 0, 0
46.1901, 20.6612, 5.02338, 0, 0
46.1935, 20.6612, 5.02338, 0, 0
46.1968, 20.6612, 5.02338, 0, 0
46.2001, 20.6612, 5.02338, 0, 0
46.2034, 20.6612, 5.02338, 0, 0
46.2068, 20.6612, 5.02338, 0, 0
46.2101, 20.6612, 5.02338, 0, 0
46.2134, 20.6612, 5.02338, 0, 0
46.2168, 20.6612, 5.02338, 0, 0
46.2201, 20.6612, 5.02338, 0, 0
46.2234, 20.6612, 5.02338, 0, 0
46.2268, 20.6612, 5.02338, 0, 0
46.2301, 20.6612, 5.02338, 0, 0
46.2334, 20.6612, 5.02338, 0, 0
46.2368, 20.6612, 5.02338, 0, 0
46.2401, 20.6612, 5.02338, 0, 0
46.2434, 20.6612, 5.02338, 0, 0
46.2468, 20.6612, 5.02338, 0, 0
46.2502, 20.6612, 5.02338, 0, 0
46.2534, 20.6612, 5.02338, 0, 0
46.2568, 20.6612, 5.02338, 0, 0
46.2601, 20.6612, 5.02338, 0, 0
46.2635, 20.6612, 5.02338, 0, 0
46.2667, 20.6612, 5.02338, 0, 0
46.2702, 20.6612, 5.02338, 0, 0
46.2735, 20.6612, 5.02338, 0, 0
46.2768, 20.6612, 5.02338, 0, 0
46.2802, 20.6612, 5.02338, 0, 0
46.2835, 20.6612, 5.02338, 0, 0
46.2868, 20.6612, 5.02338, 0, 0
46.2901, 20.6612, 5.02338, 0, 0
46.2935, 20.6612, 5.02338, 0, 0
46.2967, 20.6612, 5.02338, 0, 0
46.3001, 20.6612, 5.02338, 0, 0
46.3034, 20.6612, 5.02338, 0, 0
46.3068, 20.6612, 5.02338, 0, 0
46.3101, 20.6612, 5.02338, 0, 0
46.3135, 20.6612, 5.02338, 0, 0
46.3168, 20.6612, 5.02338, 0, 0
46.3201, 20.6612, 5.02338, 0, 0
46.3235, 20.6612, 5.02338, 0, 0
46.3268, 20.6612, 5.02338, 0, 0
46.3301, 20.6612, 5.02338, 0, 0
46.3335, 20.6612, 5.02338, 0, 0
46.3367, 20.6612, 5.02338, 0, 0
46.3401, 20.6612, 5.02338, 0, 0
46.3435, 20.6612, 5.02338, 0, 0
46.3468, 20.6612, 5.02338, 0, 0
46.3501, 20.6612, 5.02338, 0, 0
46.3534, 20.6612, 5.02338, 0, 0
46.3568, 20.6612, 5.02338, 0, 0
46.3601, 20.6612, 5.02338, 0, 0
46.3635, 20.6612, 5.02338, 0, 0
46.3668, 20.6612, 5.02338, 0, 0
46.3701, 20.6612, 5.02338, 0, 0
46.3734, 20.6612, 5.02338, 0, 0
46.3768, 20.6612, 5.02338, 0, 0
46.3802, 20.6612, 5.02338, 0, 0
46.3835, 20.6612, 5.02338, 0, 0
46.3868, 20.6612, 5.02338, 0, 0
46.3902, 20.6612, 5.02338, 0, 0
46.3935, 20.6612, 5.02338, 0, 0
46.3968, 20.6612, 5.02338, 0, 0
46.4001, 20.6612, 5.02338, 0, 0
46.4034, 20.6612, 5.02338, 0, 0
46.4068, 20.6612, 5.02338, 0, 0
46.4101, 20.6612, 5.02338, 0, 0
46.4135, 20.6612, 5.02338, 0, 0
46.4168, 20.6612, 5.02338, 0, 0
46.4201, 20.6612, 5.02338, 0, 0
46.4234, 20.6612, 5.02338, 0, 0
46.4268, 20.6612, 5.02338, 0, 0
46.4301, 20.6612, 5.02338, 0, 0
46.4334, 20.6612, 5.02338, 0, 0
46.4368, 20.6612, 5.02338, 0, 0
46.4401, 20.6612, 5.02338, 0, 0
46.4434, 20.6612, 5.02338, 0, 0
46.4468, 20.6612, 5.02338, 0, 0
46.4501, 20.6612, 5.02338, 0, 0
46.4535, 20.6612, 5.02338, 0, 0
46.4568, 20.6612, 5.02338, 0, 0
46.4601, 20.6612, 5.02338, 0, 0
46.4635, 20.6612, 5.02338, 0, 0
46.4668, 20.6612, 5.02338, 0, 0
46.4701, 20.6612, 5.02338, 0, 0
46.4735, 20.6612, 5.02338, 0, 0
46.4768, 20.6612, 5.02338, 0, 0
46.4802, 20.6612, 5.02338, 0, 0
46.4835, 20.6612, 5.02338, 0, 0
46.4868, 20.6612, 5.02338, 0, 0
46.4902, 20.6612, 5.02338, 0, 0
46.4934, 20.6612, 5.02338, 0, 0
46.4968, 20.6612, 5.02338, 0, 0
46.5001, 20.6612, 5.02338, 0, 0
46.5034, 20.6612, 5.02338, 0, 0
46.5068, 20.6612, 5.02338, 0, 0
46.5101, 20.6612, 5.02338, 0, 0
46.5134, 20.6612, 5.02338, 0, 0
46.5168, 20.6612, 5.02338, 0, 0
46.5201, 20.6612, 5.02338, 0, 0
46.5234, 20.6612, 5.02338, 0, 0
46.5267, 20.6612, 5.02338, 0, 0
46.5301, 20.6612, 5.02338, 0, 0
46.5334, 20.6612, 5.02338, 0, 0
46.5368, 20.6612, 5.02338, 0, 0
46.5401, 20.6612, 5.02338, 0, 0
46.5434, 20.6612, 5.02338, 0, 0
46.5468, 20.6612, 5.02338, 0, 0
46.5501, 20.6612, 5.02338, 0, 0
46.5535, 20.6612, 5.02338, 0, 0
46.5568, 20.6612, 5.02338, 0, 0
46.5601, 20.6612, 5.02338, 0, 0
46.5635, 20.6612, 5.02338, 0, 0
46.5668, 20.6612, 5.02338, 0, 0
46.5701, 20.6612, 5.02338, 0, 0
46.5735, 20.6612, 5.02338, 0, 0
46.5768, 20.6612, 5.02338, 0, 0
46.5801, 20.6612, 5.02338, 0, 0
46.5834, 20.6612, 5.02338, 0, 0
46.5868, 20.6612, 5.02338, 0, 0
46.5901, 20.6612, 5.02338, 0, 0
46.5935, 20.6612, 5.02338, 0, 0
46.5968, 20.6612, 5.02338, 0, 0
46.6002, 20.6612, 5.02338, 0, 0
46.6034, 20.6612, 5.02338, 0, 0
46.6068, 20.6612, 5.02338, 0, 0
46.6101, 20.6612, 5.02338, 0, 0
46.6135, 20.6612, 5.02338, 0, 0
46.6167, 20.6612, 5.02338, 0, 0
46.6201, 20.6612, 5.02338, 0, 0
46.6234, 20.6612, 5.02338, 0, 0
46.6268, 20.6612, 5.02338, 0, 0
46.6301, 20.6612, 5.02338, 0, 0
46.6334, 20.6612, 5.02338, 0, 0
46.6368, 20.6612, 5.02338, 0, 0
46.6401, 20.6612, 5.02338, 0, 0
46.6435, 20.6612, 5.02338, 0, 0
46.6468, 20.6612, 5.02338, 0, 0
46.6501, 20.6612, 5.02338, 0, 0
46.6535, 20.6612, 5.02338, 0, 0
46.6568, 20.6612, 5.02338, 0, 0
46.6601, 20.6612, 5.02338, 0, 0
46.6635, 20.6612, 5.02338, 0, 0
46.6668, 20.6612, 5.02338, 0, 0
46.6701, 20.6612, 5.02338, 0, 0
46.6735, 20.6612, 5.02338, 0, 0
46.6768, 20.6612, 5.02338, 0, 0
46.6801, 20.6612, 5.02338, 0, 0
46.6835, 20.6612, 5.02338, 0, 0
46.6868, 20.6612, 5.02338, 0, 0
46.6901, 20.6612, 5.02338, 0, 0
46.6934, 20.6612, 5.02338, 0, 0
46.6968, 20.6612, 5.02338, 0, 0
46.7001, 20.6612, 5.02338, 0, 0
46.7034, 20.6612, 5.02338, 0, 0
46.7068, 20.6612, 5.02338, 0, 0
46.7101, 20.6612, 5.02338, 0, 0
46.7134, 20.6612, 5.02338, 0, 0
46.7168, 20.6612, 5.02338, 0, 0
46.7201, 20.6612, 5.02338, 0, 0
46.7234, 20.6612, 5.02338, 0, 0
46.7268, 20.6612, 5.02338, 0, 0
46.7301, 20.6612, 5.02338, 0, 0
46.7334, 20.6612, 5.02338, 0, 0
46.7368, 20.6612, 5.02338, 0, 0
46.7401, 20.6612, 5.02338, 0, 0
46.7434, 20.6612, 5.02338, 0, 0
46.7468, 20.6612, 5.02338, 0, 0
46.7501, 20.6612, 5.02338, 0, 0
46.7534, 20.6612, 5.02338, 0, 0
46.7568, 20.6612, 5.02338, 0, 0
46.7601, 20.6612, 5.02338, 0, 0
46.7635, 20.6612, 5.02338, 0, 0
46.7668, 20.6612, 5.02338, 0, 0
46.7701, 20.6612, 5.02338, 0, 0
46.7734, 20.6612, 5.02338, 0, 0
46.7768, 20.6612, 5.02338, 0, 0
46.7801, 20.6612, 5.02338, 0, 0
46.7834, 20.6612, 5.02338, 0, 0
46.7868, 20.6612, 5.02338, 0, 0
46.7901, 20.6612, 5.02338, 0, 0
46.7935, 20.6612, 5.02338, 0, 0
46.7968, 20.6612, 5.02338, 0, 0
46.8001, 20.6612, 5.02338, 0, 0
46.8034, 20.6612, 5.02338, 0, 0
46.8068, 20.6612, 5.02338, 0, 0
46.8102, 20.6612, 5.02338, 0, 0
46.8135, 20.6612, 5.02338, 0, 0
46.8167, 20.6612, 5.02338, 0, 0
46.8201, 20.6612, 5.02338, 0, 0
46.8235, 20.6612, 5.02338, 0, 0
46.8268, 20.6612, 5.02338, 0, 0
46.8301, 20.6612, 5.02338, 0, 0
46.8335, 20.6612, 5.02338, 0, 0
46.8368, 20.6612, 5.02338, 0, 0
46.8401, 20.6612, 5.02338, 0, 0
46.8434, 20.6612, 5.02338, 0, 0
46.8468, 20.6612, 5.02338, 0, 0
46.8501, 20.6612, 5.02338, 0, 0
46.8535, 20.6612, 5.02338, 0, 0
46.8568, 20.6612, 5.02338, 0, 0
46.8601, 20.6612, 5.02338, 0, 0
46.8635, 20.6612, 5.02338, 0, 0
46.8667, 20.6612, 5.02338, 0, 0
46.8701, 20.6612, 5.02338, 0, 0
46.8734, 20.6612, 5.02338, 0, 0
46.8768, 20.6612, 5.02338, 0, 0
46.8801, 20.6612, 5.02338, 0, 0
46.8834, 20.6612, 5.02338, 0, 0
46.8868, 20.6612, 5.02338, 0, 0
46.8901, 20.6612, 5.02338, 0, 0
46.8935, 20.6612, 5.02338, 0, 0
46.8968, 20.6612, 5.02338, 0, 0
46.9001, 20.6612, 5.02338, 0, 0
46.9034, 20.6612, 5.02338, 0, 0
46.9068, 20.6612, 5.02338, 0, 0
46.9102, 20.6612, 5.02338, 0, 0
46.9135, 20.6612, 5.02338, 0, 0
46.9168, 20.6612, 5.02338, 0, 0
46.9202, 20.6612, 5.02338, 0, 0
46.9235, 20.6612, 5.02338, 0, 0
46.9268, 20.6612, 5.02338, 0, 0
46.9301, 20.6612, 5.02338, 0, 0
46.9335, 20.6612, 5.02338, 0, 0
46.9368, 20.6612, 5.02338, 0, 0
46.9401, 20.6612, 5.02338, 0, 0
46.9434, 20.6612, 5.02338, 0, 0
46.9468, 20.6612, 5.02338, 0, 0
46.9501, 20.6612, 5.02338, 0, 0
46.9535, 20.6612, 5.02338, 0, 0
46.9568, 20.6612, 5.02338, 0, 0
46.9601, 20.6612, 5.02338, 0, 0
46.9635, 20.6612, 5.02338, 0, 0
46.9668, 20.6612, 5.02338, 0, 0
46.9701, 20.6612, 5.02338, 0, 0
46.9735, 20.6612, 5.02338, 0, 0
46.9768, 20.6612, 5.02338, 0, 0
46.9801, 20.6612, 5.02338, 0, 0
46.9835, 20.6612, 5.02338, 0, 0
46.9868, 20.6612, 5.02338, 0, 0
46.9901, 20.6612, 5.02338, 0, 0
46.9934, 20.6612, 5.02338, 0, 0
46.9968, 20.6612, 5.02338, 0, 0
47.0001, 20.6612, 5.02338, 0, 0
47.0034, 20.6612, 5.02338, 0, 0
47.0068, 20.6612, 5.02338, 0, 0
47.0101, 20.6612, 5.02338, 0, 0
47.0134, 20.6612, 5.02338, 0, 0
47.0168, 20.6612, 5.02338, 0, 0
47.0202, 20.6612, 5.02338, 0, 0
47.0234, 20.6612, 5.02338, 0, 0
47.0268, 20.6612, 5.02338, 0, 0
47.0301, 20.6612, 5.02338, 0, 0
47.0335, 20.6612, 5.02338, 0, 0
47.0368, 20.6612, 5.02338, 0, 0
47.0401, 20.6612, 5.02338, 0, 0
47.0435, 20.6612, 5.02338, 0, 0
47.0468, 20.6612, 5.02338, 0, 0
47.0501, 20.6612, 5.02338, 0, 0
47.0534, 20.6612, 5.02338, 0, 0
47.0568, 20.6612, 5.02338, 0, 0
47.0601, 20.6612, 5.02338, 0, 0
47.0634, 20.6612, 5.02338, 0, 0
47.0668, 20.6612, 5.02338, 0, 0
47.0701, 20.6612, 5.02338, 0, 0
47.0734, 20.6612, 5.02338, 0, 0
47.0768, 20.6612, 5.02338, 0, 0
47.0801, 20.6612, 5.02338, 0, 0
47.0834, 20.6612, 5.02338, 0, 0
47.0868, 20.6612, 5.02338, 0, 0
47.0901, 20.6612, 5.02338, 0, 0
47.0935, 20.6612, 5.02338, 0, 0
47.0968, 20.6612, 5.02338, 0, 0
47.1001, 20.6612, 5.02338, 0, 0
47.1035, 20.6612, 5.02338, 0, 0
47.1068, 20.6612, 5.02338, 0, 0
47.1101, 20.6612, 5.02338, 0, 0
47.1135, 20.6612, 5.02338, 0, 0
47.1168, 20.6612, 5.02338, 0, 0
47.1201, 20.6612, 5.02338, 0, 0
47.1234, 20.6612, 5.02338, 0, 0
47.1268, 20.6612, 5.02338, 0, 0
47.1301, 20.6612, 5.02338, 0, 0
47.1334, 20.6612, 5.02338, 0, 0
47.1368, 20.6612, 5.02338, 0, 0
47.1401, 20.6612, 5.02338, 0, 0
47.1435, 20.6612, 5.02338, 0, 0
47.1467, 20.6612, 5.02338, 0, 0
47.1501, 20.6612, 5.02338, 0, 0
47.1534, 20.6612, 5.02338, 0, 0
47.1568, 20.6612, 5.02338, 0, 0
47.1601, 20.6612, 5.02338, 0, 0
47.1634, 20.6612, 5.02338, 0, 0
47.1668, 20.6612, 5.02338, 0, 0
47.1701, 20.6612, 5.02338, 0, 0
47.1735, 20.6612, 5.02338, 0, 0
47.1768, 20.6612, 5.02338, 0, 0
47.1801, 20.6612, 5.02338, 0, 0
47.1834, 20.6612, 5.02338, 0, 0
47.1868, 20.6612, 5.02338, 0, 0
47.1901, 20.6612, 5.02338, 0, 0
47.1935, 20.6612, 5.02338, 0, 0
47.1968, 20.6612, 5.02338, 0, 0
47.2001, 20.6612, 5.02338, 0, 0
47.2035, 20.6612, 5.02338, 0, 0
47.2068, 20.6612, 5.02338, 0, 0
47.2101, 20.6612, 5.02338, 0, 0
47.2135, 20.6612, 5.02338, 0, 0
47.2168, 20.6612, 5.02338, 0, 0
47.2201, 20.6612, 5.02338, 0, 0
47.2235, 20.6612, 5.02338, 0, 0
47.2267, 20.6612, 5.02338, 0, 0
47.2302, 20.6612, 5.02338, 0, 0
47.2335, 20.6612, 5.02338, 0, 0
47.2368, 20.6612, 5.02338, 0, 0
47.2401, 20.6612, 5.02338, 0, 0
47.2435, 20.6612, 5.02338, 0, 0
47.2468, 20.6612, 5.02338, 0, 0
47.2501, 20.6612, 5.02338, 0, 0
47.2535, 20.6612, 5.02338, 0, 0
47.2568, 20.6612, 5.02338, 0, 0
47.2601, 20.6612, 5.02338, 0, 0
47.2635, 20.6612, 5.02338, 0, 0
47.2668, 20.6612, 5.02338, 0, 0
47.2701, 20.6612, 5.02338, 0, 0
47.2735, 20.6612, 5.02338, 0, 0
47.2768, 20.6612, 5.02338, 0, 0
47.2801, 20.6612, 5.02338, 0, 0
47.2834, 20.6612, 5.02338, 0, 0
47.2868, 20.6612, 5.02338, 0, 0
47.2901, 20.6612, 5.02338, 0, 0
47.2934, 20.6612, 5.02338, 0, 0
47.2968, 20.6612, 5.02338, 0, 0
47.3001, 20.6612, 5.02338, 0, 0
47.3034, 20.6612, 5.02338, 0, 0
47.3068, 20.6612, 5.02338, 0, 0
47.3101, 20.6612, 5.02338, 0, 0
47.3135, 20.6612, 5.02338, 0, 0
47.3168, 20.6612, 5.02338, 0, 0
47.3201, 20.6612, 5.02338, 0, 0
47.3235, 20.6612, 5.02338, 0, 0
47.3268, 20.6612, 5.02338, 0, 0
47.3301, 20.6612, 5.02338, 0, 0
47.3334, 20.6612, 5.02338, 0, 0
47.3368, 20.6612, 5.02338, 0, 0
47.3401, 20.6612, 5.02338, 0, 0
47.3434, 20.6612, 5.02338, 0, 0
47.3468, 20.6612, 5.02338, 0, 0
47.3502, 20.6612, 5.02338, 0, 0
47.3535, 20.6612, 5.02338, 0, 0
47.3568, 20.6612, 5.02338, 0, 0
47.3601, 20.6612, 5.02338, 0, 0
47.3635, 20.6612, 5.02338, 0, 0
47.3668, 20.6612, 5.02338, 0, 0
47.3701, 20.6612, 5.02338, 0, 0
47.3735, 20.6612, 5.02338, 0, 0
47.3768, 20.6612, 5.02338, 0, 0
47.3801, 20.6612, 5.02338, 0, 0
47.3835, 20.6612, 5.02338, 0, 0
47.3868, 20.6612, 5.02338, 0, 0
47.3901, 20.6612, 5.02338, 0, 0
47.3934, 20.6612, 5.02338, 0, 0
47.3968, 20.6612, 5.02338, 0, 0
47.4001, 20.6612, 5.02338, 0, 0
47.4035, 20.6612, 5.02338, 0, 0
47.4068, 20.6612, 5.02338, 0, 0
47.4101, 20.6612, 5.02338, 0, 0
47.4135, 20.6612, 5.02338, 0, 0
47.4168, 20.6612, 5.02338, 0, 0
47.4201, 20.6612, 5.02338, 0, 0
47.4235, 20.6612, 5.02338, 0, 0
47.4268, 20.6612, 5.02338, 0, 0
47.4301, 20.6612, 5.02338, 0, 0
47.4335, 20.6612, 5.02338, 0, 0
47.4368, 20.6612, 5.02338, 0, 0
47.4401, 20.6612, 5.02338, 0, 0
47.4434, 20.6612, 5.02338, 0, 0
47.4468, 20.6612, 5.02338, 0, 0
47.4501, 20.6612, 5.02338, 0, 0
47.4534, 20.6612, 5.02338, 0, 0
47.4568, 20.6612, 5.02338, 0, 0
47.4601, 20.6612, 5.02338, 0, 0
47.4634, 20.6612, 5.02338, 0, 0
47.4668, 20.6612, 5.02338, 0, 0
47.4701, 20.6612, 5.02338, 0, 0
47.4734, 20.6612, 5.02338, 0, 0
47.4768, 20.6612, 5.02338, 0, 0
47.4801, 20.6612, 5.02338, 0, 0
47.4834, 20.6612, 5.02338, 0, 0
47.4868, 20.6612, 5.02338, 0, 0
47.4901, 20.6612, 5.02338, 0, 0
47.4934, 20.6612, 5.02338, 0, 0
47.4968, 20.6612, 5.02338, 0, 0
47.5001, 20.6612, 5.02338, 0, 0
47.5034, 20.6612, 5.02338, 0, 0
47.5068, 20.6612, 5.02338, 0, 0
47.5101, 20.6612, 5.02338, 0, 0
47.5134, 20.6612, 5.02338, 0, 0
47.5168, 20.6612, 5.02338, 0, 0
47.5201, 20.6612, 5.02338, 0, 0
47.5235, 20.6612, 5.02338, 0, 0
47.5268, 20.6612, 5.02338, 0, 0
47.5301, 20.6612, 5.02338, 0, 0
47.5335, 20.6612, 5.02338, 0, 0
47.5368, 20.6612, 5.02338, 0, 0
47.5402, 20.6612, 5.02338, 0, 0
47.5434, 20.6612, 5.02338, 0, 0
47.5468, 20.6612, 5.02338, 0, 0
47.5501, 20.6612, 5.02338, 0, 0
47.5535, 20.6612, 5.02338, 0, 0
47.5568, 20.6612, 5.02338, 0, 0
47.5601, 20.6612, 5.02338, 0, 0
47.5635, 20.6612, 5.02338, 0, 0
47.5668, 20.6612, 5.02338, 0, 0
47.5701, 20.6612, 5.02338, 0, 0
47.5735, 20.6612, 5.02338, 0, 0
47.5768, 20.6612, 5.02338, 0, 0
47.5802, 20.6612, 5.02338, 0, 0
47.5834, 20.6612, 5.02338, 0, 0
47.5868, 20.6612, 5.02338, 0, 0
47.5902, 20.6612, 5.02338, 0, 0
47.5934, 20.6612, 5.02338, 0, 0
47.5968, 20.6612, 5.02338, 0, 0
47.6001, 20.6612, 5.02338, 0, 0
47.6035, 20.6612, 5.02338, 0, 0
47.6068, 20.6612, 5.02338, 0, 0
47.6101, 20.6612, 5.02338, 0, 0
47.6135, 20.6612, 5.02338, 0, 0
47.6168, 20.6612, 5.02338, 0, 0
47.6201, 20.6612, 5.02338, 0, 0
47.6235, 20.6612, 5.02338, 0, 0
47.6268, 20.6612, 5.02338, 0, 0
47.6301, 20.6612, 5.02338, 0, 0
47.6335, 20.6612, 5.02338, 0, 0
47.6368, 20.6612, 5.02338, 0, 0
47.6401, 20.6612, 5.02338, 0, 0
47.6435, 20.6612, 5.02338, 0, 0
47.6468, 20.6612, 5.02338, 0, 0
47.6502, 20.6612, 5.02338, 0, 0
47.6535, 20.6612, 5.02338, 0, 0
47.6568, 20.6612, 5.02338, 0, 0
47.6602, 20.6612, 5.02338, 0, 0
47.6635, 20.6612, 5.02338, 0, 0
47.6668, 20.6612, 5.02338, 0, 0
47.6702, 20.6612, 5.02338, 0, 0
47.6735, 20.6612, 5.02338, 0, 0
47.6768, 20.6612, 5.02338, 0, 0
47.6801, 20.6612, 5.02338, 0, 0
47.6834, 20.6612, 5.02338, 0, 0
47.6868, 20.6612, 5.02338, 0, 0
47.6901, 20.6612, 5.02338, 0, 0
47.6935, 20.6612, 5.02338, 0, 0
47.6968, 20.6612, 5.02338, 0, 0
47.7001, 20.6612, 5.02338, 0, 0
47.7034, 20.6612, 5.02338, 0, 0
47.7067, 20.6612, 5.02338, 0, 0
47.7101, 20.6612, 5.02338, 0, 0
47.7135, 20.6612, 5.02338, 0, 0
47.7168, 20.6612, 5.02338, 0, 0
47.7201, 20.6612, 5.02338, 0, 0
47.7234, 20.6612, 5.02338, 0, 0
47.7268, 20.6612, 5.02338, 0, 0
47.7301, 20.6612, 5.02338, 0, 0
47.7335, 20.6612, 5.02338, 0, 0
47.7368, 20.6612, 5.02338, 0, 0
47.7401, 20.6612, 5.02338, 0, 0
47.7434, 20.6612, 5.02338, 0, 0
47.7468, 20.6612, 5.02338, 0, 0
47.7502, 20.6612, 5.02338, 0, 0
47.7535, 20.6612, 5.02338, 0, 0
47.7568, 20.6612, 5.02338, 0, 0
47.7602, 20.6612, 5.02338, 0, 0
47.7634, 20.6612, 5.02338, 0, 0
47.7668, 20.6612, 5.02338, 0, 0
47.7701, 20.6612, 5.02338, 0, 0
47.7735, 20.6612, 5.02338, 0, 0
47.7768, 20.6612, 5.02338, 0, 0
47.7802, 20.6612, 5.02338, 0, 0
47.7835, 20.6612, 5.02338, 0, 0
47.7868, 20.6612, 5.02338, 0, 0
47.7901, 20.6612, 5.02338, 0, 0
47.7935, 20.6612, 5.02338, 0, 0
47.7968, 20.6612, 5.02338, 0, 0
47.8001, 20.6612, 5.02338, 0, 0
47.8035, 20.6612, 5.02338, 0, 0
47.8068, 20.6612, 5.02338, 0, 0
47.8101, 20.6612, 5.02338, 0, 0
47.8135, 20.6612, 5.02338, 0, 0
47.8168, 20.6612, 5.02338, 0, 0
47.8201, 20.6612, 5.02338, 0, 0
47.8234, 20.6612, 5.02338, 0, 0
47.8268, 20.6612, 5.02338, 0, 0
47.8301, 20.6612, 5.02338, 0, 0
47.8335, 20.6612, 5.02338, 0, 0
47.8368, 20.6612, 5.02338, 0, 0
47.8401, 20.6612, 5.02338, 0, 0
47.8434, 20.6612, 5.02338, 0, 0
47.8468, 20.6612, 5.02338, 0, 0
47.8501, 20.6612, 5.02338, 0, 0
47.8535, 20.6612, 5.02338, 0, 0
47.8568, 20.6612, 5.02338, 0, 0
47.8601, 20.6612, 5.02338, 0, 0
47.8634, 20.6612, 5.02338, 0, 0
47.8668, 20.6612, 5.02338, 0, 0
47.8702, 20.6612, 5.02338, 0, 0
47.8735, 20.6612, 5.02338, 0, 0
47.8768, 20.6612, 5.02338, 0, 0
47.8802, 20.6612, 5.02338, 0, 0
47.8834, 20.6612, 5.02338, 0, 0
47.8868, 20.6612, 5.02338, 0, 0
47.8901, 20.6612, 5.02338, 0, 0
47.8935, 20.6612, 5.02338, 0, 0
47.8968, 20.6612, 5.02338, 0, 0
47.9001, 20.6612, 5.02338, 0, 0
47.9034, 20.6612, 5.02338, 0, 0
47.9068, 20.6612, 5.02338, 0, 0
47.9101, 20.6612, 5.02338, 0, 0
47.9135, 20.6612, 5.02338, 0, 0
47.9168, 20.6612, 5.02338, 0, 0
47.9201, 20.6612, 5.02338, 0, 0
47.9234, 20.6612, 5.02338, 0, 0
47.9268, 20.6612, 5.02338, 0, 0
47.9301, 20.6612, 5.02338, 0, 0
47.9335, 20.6612, 5.02338, 0, 0
47.9368, 20.6612, 5.02338, 0, 0
47.9401, 20.6612, 5.02338, 0, 0
47.9434, 20.6612, 5.02338, 0, 0
47.9468, 20.6612, 5.02338, 0, 0
47.9501, 20.6612, 5.02338, 0, 0
47.9535, 20.6612, 5.02338, 0, 0
47.9568, 20.6612, 5.02338, 0, 0
47.9601, 20.6612, 5.02338, 0, 0
47.9635, 20.6612, 5.02338, 0, 0
47.9667, 20.6612, 5.02338, 0, 0
47.9701, 20.6612, 5.02338, 0, 0
47.9735, 20.6612, 5.02338, 0, 0
47.9768, 20.6612, 5.02338, 0, 0
47.9801, 20.6612, 5.02338, 0, 0
47.9834, 20.6612, 5.02338, 0, 0
47.9868, 20.6612, 5.02338, 0, 0
47.9901, 20.6612, 5.02338, 0, 0
47.9934, 20.6612, 5.02338, 0, 0
47.9968, 20.6612, 5.02338, 0, 0
48.0001, 20.6612, 5.02338, 0, 0
48.0034, 20.6612, 5.02338, 0, 0
48.0068, 20.6612, 5.02338, 0, 0
48.0101, 20.6612, 5.02338, 0, 0
48.0134, 20.6612, 5.02338, 0, 0
48.0168, 20.6612, 5.02338, 0, 0
48.0201, 20.6612, 5.02338, 0, 0
48.0234, 20.6612, 5.02338, 0, 0
48.0268, 20.6612, 5.02338, 0, 0
48.0301, 20.6612, 5.02338, 0, 0
48.0334, 20.6612, 5.02338, 0, 0
48.0368, 20.6612, 5.02338, 0, 0
48.0401, 20.6612, 5.02338, 0, 0
48.0435, 20.6612, 5.02338, 0, 0
48.0468, 20.6612, 5.02338, 0, 0
48.0501, 20.6612, 5.02338, 0, 0
48.0534, 20.6612, 5.02338, 0, 0
48.0568, 20.6612, 5.02338, 0, 0
48.0601, 20.6612, 5.02338, 0, 0
48.0634, 20.6612, 5.02338, 0, 0
48.0668, 20.6612, 5.02338, 0, 0
48.0701, 20.6612, 5.02338, 0, 0
48.0735, 20.6612, 5.02338, 0, 0
48.0768, 20.6612, 5.02338, 0, 0
48.0801, 20.6612, 5.02338, 0, 0
48.0835, 20.6612, 5.02338, 0, 0
48.0868, 20.6612, 5.02338, 0, 0
48.0902, 20.6612, 5.02338, 0, 0
48.0934, 20.6612, 5.02338, 0, 0
48.0968, 20.6612, 5.02338, 0, 0
48.1002, 20.6612, 5.02338, 0, 0
48.1035, 20.6612, 5.02338, 0, 0
48.1068, 20.6612, 5.02338, 0, 0
48.1101, 20.6612, 5.02338, 0, 0
48.1134, 20.6612, 5.02338, 0, 0
48.1168, 20.6612, 5.02338, 0, 0
48.1201, 20.6612, 5.02338, 0, 0
48.1234, 20.6612, 5.02338, 0, 0
48.1268, 20.6612, 5.02338, 0, 0
48.1301, 20.6612, 5.02338, 0, 0
48.1335, 20.6612, 5.02338, 0, 0
48.1368, 20.6612, 5.02338, 0, 0
48.1401, 20.6612, 5.02338, 0, 0
48.1434, 20.6612, 5.02338, 0, 0
48.1468, 20.6612, 5.02338, 0, 0
48.1501, 20.6612, 5.02338, 0, 0
48.1535, 20.6612, 5.02338, 0, 0
48.1568, 20.6612, 5.02338, 0, 0
48.1601, 20.6612, 5.02338, 0, 0
48.1635, 20.6612, 5.02338, 0, 0
48.1668, 20.6612, 5.02338, 0, 0
48.1701, 20.6612, 5.02338, 0, 0
48.1735, 20.6612, 5.02338, 0, 0
48.1768, 20.6612, 5.02338, 0, 0
48.1801, 20.6612, 5.02338, 0, 0
48.1834, 20.6612, 5.02338, 0, 0
48.1868, 20.6612, 5.02338, 0, 0
48.1902, 20.6612, 5.02338, 0, 0
48.1934, 20.6612, 5.02338, 0, 0
48.1968, 20.6612, 5.02338, 0, 0
48.2001, 20.6612, 5.02338, 0, 0
48.2035, 20.6612, 5.02338, 0, 0
48.2068, 20.6612, 5.02338, 0, 0
48.2101, 20.6612, 5.02338, 0, 0
48.2135, 20.6612, 5.02338, 0, 0
48.2168, 20.6612, 5.02338, 0, 0
48.2201, 20.6612, 5.02338, 0, 0
48.2235, 20.6612, 5.02338, 0, 0
48.2268, 20.6612, 5.02338, 0, 0
48.2301, 20.6612, 5.02338, 0, 0
48.2335, 20.6612, 5.02338, 0, 0
48.2367, 20.6612, 5.02338, 0, 0
48.2401, 20.6612, 5.02338, 0, 0
48.2435, 20.6612, 5.02338, 0, 0
48.2468, 20.6612, 5.02338, 0, 0
48.2501, 20.6612, 5.02338, 0, 0
48.2534, 20.6612, 5.02338, 0, 0
48.2568, 20.6612, 5.02338, 0, 0
48.2601, 20.6612, 5.02338, 0, 0
48.2635, 20.6612, 5.02338, 0, 0
48.2668, 20.6612, 5.02338, 0, 0
48.2701, 20.6612, 5.02338, 0, 0
48.2735, 20.6612, 5.02338, 0, 0
48.2768, 20.6612, 5.02338, 0, 0
48.2802, 20.6612, 5.02338, 0, 0
48.2834, 20.6612, 5.02338, 0, 0
48.2868, 20.6612, 5.02338, 0, 0
48.2901, 20.6612, 5.02338, 0, 0
48.2934, 20.6612, 5.02338, 0, 0
48.2968, 20.6612, 5.02338, 0, 0
48.3001, 20.6612, 5.02338, 0, 0
48.3035, 20.6612, 5.02338, 0, 0
48.3068, 20.6612, 5.02338, 0, 0
48.3101, 20.6612, 5.02338, 0, 0
48.3135, 20.6612, 5.02338, 0, 0
48.3168, 20.6612, 5.02338, 0, 0
48.3201, 20.6612, 5.02338, 0, 0
48.3235, 20.6612, 5.02338, 0, 0
48.3268, 20.6612, 5.02338, 0, 0
48.3301, 20.6612, 5.02338, 0, 0
48.3335, 20.6612, 5.02338, 0, 0
48.3368, 20.6612, 5.02338, 0, 0
48.3401, 20.6612, 5.02338, 0, 0
48.3435, 20.6612, 5.02338, 0, 0
48.3468, 20.6612, 5.02338, 0, 0
48.3501, 20.6612, 5.02338, 0, 0
48.3534, 20.6612, 5.02338, 0, 0
48.3568, 20.6612, 5.02338, 0, 0
48.3601, 20.6612, 5.02338, 0, 0
48.3635, 20.6612, 5.02338, 0, 0
48.3668, 20.6612, 5.02338, 0, 0
48.3701, 20.6612, 5.02338, 0, 0
48.3735, 20.6612, 5.02338, 0, 0
48.3768, 20.6612, 5.02338, 0, 0
48.3801, 20.6612, 5.02338, 0, 0
48.3835, 20.6612, 5.02338, 0, 0
48.3868, 20.6612, 5.02338, 0, 0
48.3901, 20.6612, 5.02338, 0, 0
48.3934, 20.6612, 5.02338, 0, 0
48.3968, 20.6612, 5.02338, 0, 0
48.4001, 20.6612, 5.02338, 0, 0
48.4035, 20.6612, 5.02338, 0, 0
48.4068, 20.6612, 5.02338, 0, 0
48.4102, 20.6612, 5.02338, 0, 0
48.4135, 20.6612, 5.02338, 0, 0
48.4168, 20.6612, 5.02338, 0, 0
48.4201, 20.6612, 5.02338, 0, 0
48.4234, 20.6612, 5.02338, 0, 0
48.4268, 20.6612, 5.02338, 0, 0
48.4301, 20.6612, 5.02338, 0, 0
48.4335, 20.6612, 5.02338, 0, 0
48.4368, 20.6612, 5.02338, 0, 0
48.4401, 20.6612, 5.02338, 0, 0
48.4434, 20.6612, 5.02338, 0, 0
48.4468, 20.6612, 5.02338, 0, 0
48.4501, 20.6612, 5.02338, 0, 0
48.4534, 20.6612, 5.02338, 0, 0
48.4568, 20.6612, 5.02338, 0, 0
48.4601, 20.6612, 5.02338, 0, 0
48.4634, 20.6612, 5.02338, 0, 0
48.4668, 20.6612, 5.02338, 0, 0
48.4701, 20.6612, 5.02338, 0, 0
48.4734, 20.6612, 5.02338, 0, 0
48.4768, 20.6612, 5.02338, 0, 0
48.4801, 20.6612, 5.02338, 0, 0
48.4834, 20.6612, 5.02338, 0, 0
48.4867, 20.6612, 5.02338, 0, 0
48.4901, 20.6612, 5.02338, 0, 0
48.4934, 20.6612, 5.02338, 0, 0
48.4968, 20.6612, 5.02338, 0, 0
48.5001, 20.6612, 5.02338, 0, 0
48.5034, 20.6612, 5.02338, 0, 0
48.5068, 20.6612, 5.02338, 0, 0
48.5101, 20.6612, 5.02338, 0, 0
48.5134, 20.6612, 5.02338, 0, 0
48.5167, 20.6612, 5.02338, 0, 0
48.5201, 20.6612, 5.02338, 0, 0
48.5234, 20.6612, 5.02338, 0, 0
48.5267, 20.6612, 5.02338, 0, 0
48.5301, 20.6612, 5.02338, 0, 0
48.5334, 20.6612, 5.02338, 0, 0
48.5368, 20.6612, 5.02338, 0, 0
48.5401, 20.6612, 5.02338, 0, 0
48.5434, 20.6612, 5.02338, 0, 0
48.5467, 20.6612, 5.02338, 0, 0
48.5501, 20.6612, 5.02338, 0, 0
48.5534, 20.6612, 5.02338, 0, 0
48.5568, 20.6612, 5.02338, 0, 0
48.5601, 20.6612, 5.02338, 0, 0
48.5634, 20.6612, 5.02338, 0, 0
48.5668, 20.6612, 5.02338, 0, 0
48.5701, 20.6612, 5.02338, 0, 0
48.5734, 20.6612, 5.02338, 0, 0
48.5767, 20.6612, 5.02338, 0, 0
48.5801, 20.6612, 5.02338, 0, 0
48.5834, 20.6612, 5.02338, 0, 0
48.5868, 20.6612, 5.02338, 0, 0
48.5901, 20.6612, 5.02338, 0, 0
48.5934, 20.6612, 5.02338, 0, 0
48.5967, 20.6612, 5.02338, 0, 0
48.6001, 20.6612, 5.02338, 0, 0
48.6034, 20.6612, 5.02338, 0, 0
48.6068, 20.6612, 5.02338, 0, 0
48.6101, 20.6612, 5.02338, 0, 0
48.6134, 20.6612, 5.02338, 0, 0
48.6168, 20.6612, 5.02338, 0, 0
48.6201, 20.6612, 5.02338, 0, 0
48.6234, 20.6612, 5.02338, 0, 0
48.6268, 20.6612, 5.02338, 0, 0
48.6301, 20.6612, 5.02338, 0, 0
48.6334, 20.6612, 5.02338, 0, 0
48.6368, 20.6612, 5.02338, 0, 0
48.6401, 20.6612, 5.02338, 0, 0
48.6435, 20.6612, 5.02338, 0, 0
48.6468, 20.6612, 5.02338, 0, 0
48.6502, 20.6612, 5.02338, 0, 0
48.6535, 20.6612, 5.02338, 0, 0
48.6568, 20.6612, 5.02338, 0, 0
48.6601, 20.6612, 5.02338, 0, 0
48.6635, 20.6612, 5.02338, 0, 0
48.6668, 20.6612, 5.02338, 0, 0
48.6701, 20.6612, 5.02338, 0, 0
48.6735, 20.6612, 5.02338, 0, 0
48.6768, 20.6612, 5.02338, 0, 0
48.6801, 20.6612, 5.02338, 0, 0
48.6834, 20.6612, 5.02338, 0, 0
48.6868, 20.6612, 5.02338, 0, 0
48.6901, 20.6612, 5.02338, 0, 0
48.6935, 20.6612, 5.02338, 0, 0
48.6968, 20.6612, 5.02338, 0, 0
48.7001, 20.6612, 5.02338, 0, 0
48.7034, 20.6612, 5.02338, 0, 0
48.7067, 20.6612, 5.02338, 0, 0
48.7101, 20.6612, 5.02338, 0, 0
48.7135, 20.6612, 5.02338, 0, 0
48.7168, 20.6612, 5.02338, 0, 0
48.7202, 20.6612, 5.02338, 0, 0
48.7234, 20.6612, 5.02338, 0, 0
48.7268, 20.6612, 5.02338, 0, 0
48.7301, 20.6612, 5.02338, 0, 0
48.7335, 20.6612, 5.02338, 0, 0
48.7367, 20.6612, 5.02338, 0, 0
48.7401, 20.6612, 5.02338, 0, 0
48.7434, 20.6612, 5.02338, 0, 0
48.7468, 20.6612, 5.02338, 0, 0
48.7501, 20.6612, 5.02338, 0, 0
48.7535, 20.6612, 5.02338, 0, 0
48.7568, 20.6612, 5.02338, 0, 0
48.7601, 20.6612, 5.02338, 0, 0
48.7634, 20.6612, 5.02338, 0, 0
48.7667, 20.6612, 5.02338, 0, 0
48.7701, 20.6612, 5.02338, 0, 0
48.7734, 20.6612, 5.02338, 0, 0
48.7768, 20.6612, 5.02338, 0, 0
48.7801, 20.6612, 5.02338, 0, 0
48.7834, 20.6612, 5.02338, 0, 0
48.7868, 20.6612, 5.02338, 0, 0
48.7901, 20.6612, 5.02338, 0, 0
48.7935, 20.6612, 5.02338, 0, 0
48.7968, 20.6612, 5.02338, 0, 0
48.8001, 20.6612, 5.02338, 0, 0
48.8034, 20.6612, 5.02338, 0, 0
48.8068, 20.6612, 5.02338, 0, 0
48.8101, 20.6612, 5.02338, 0, 0
48.8135, 20.6612, 5.02338, 0, 0
48.8168, 20.6612, 5.02338, 0, 0
48.8202, 20.6612, 5.02338, 0, 0
48.8234, 20.6612, 5.02338, 0, 0
48.8268, 20.6612, 5.02338, 0, 0
48.8302, 20.6612, 5.02338, 0, 0
48.8335, 20.6612, 5.02338, 0, 0
48.8368, 20.6612, 5.02338, 0, 0
48.8402, 20.6612, 5.02338, 0, 0
48.8434, 20.6612, 5.02338, 0, 0
48.8468, 20.6612, 5.02338, 0, 0
48.8501, 20.6612, 5.02338, 0, 0
48.8535, 20.6612, 5.02338, 0, 0
48.8568, 20.6612, 5.02338, 0, 0
48.8601, 20.6612, 5.02338, 0, 0
48.8634, 20.6612, 5.02338, 0, 0
48.8668, 20.6612, 5.02338, 0, 0
48.8701, 20.6612, 5.02338, 0, 0
48.8735, 20.6612, 5.02338, 0, 0
48.8768, 20.6612, 5.02338, 0, 0
48.8801, 20.6612, 5.02338, 0, 0
48.8834, 20.6612, 5.02338, 0, 0
48.8868, 20.6612, 5.02338, 0, 0
48.8901, 20.6612, 5.02338, 0, 0
48.8934, 20.6612, 5.02338, 0, 0
48.8968, 20.6612, 5.02338, 0, 0
48.9001, 20.6612, 5.02338, 0, 0
48.9034, 20.6612, 5.02338, 0, 0
48.9068, 20.6612, 5.02338, 0, 0
48.9101, 20.6612, 5.02338, 0, 0
48.9135, 20.6612, 5.02338, 0, 0
48.9168, 20.6612, 5.02338, 0, 0
48.9201, 20.6612, 5.02338, 0, 0
48.9234, 20.6612, 5.02338, 0, 0
48.9268, 20.6612, 5.02338, 0, 0
48.9301, 20.6612, 5.02338, 0, 0
48.9335, 20.6612, 5.02338, 0, 0
48.9368, 20.6612, 5.02338, 0, 0
48.9402, 20.6612, 5.02338, 0, 0
48.9434, 20.6612, 5.02338, 0, 0
48.9468, 20.6612, 5.02338, 0, 0
48.9501, 20.6612, 5.02338, 0, 0
48.9534, 20.6612, 5.02338, 0, 0
48.9568, 20.6612, 5.02338, 0, 0
48.9601, 20.6612, 5.02338, 0, 0
48.9635, 20.6612, 5.02338, 0, 0
48.9668, 20.6612, 5.02338, 0, 0
48.9701, 20.6612, 5.02338, 0, 0
48.9735, 20.6612, 5.02338, 0, 0
48.9768, 20.6612, 5.02338, 0, 0
48.9801, 20.6612, 5.02338, 0, 0
48.9834, 20.6612, 5.02338, 0, 0
48.9868, 20.6612, 5.02338, 0, 0
48.9901, 20.6612, 5.02338, 0, 0
48.9935, 20.6612, 5.02338, 0, 0
48.9968, 20.6612, 5.02338, 0, 0
49.0001, 20.6612, 5.02338, 0, 0
49.0034, 20.6612, 5.02338, 0, 0
49.0068, 20.6612, 5.02338, 0, 0
49.0101, 20.6612, 5.02338, 0, 0
49.0135, 20.6612, 5.02338, 0, 0
49.0168, 20.6612, 5.02338, 0, 0
49.0201, 20.6612, 5.02338, 0, 0
49.0234, 20.6612, 5.02338, 0, 0
49.0268, 20.6612, 5.02338, 0, 0
49.0301, 20.6612, 5.02338, 0, 0
49.0335, 20.6612, 5.02338, 0, 0
49.0367, 20.6612, 5.02338, 0, 0
49.0401, 20.6612, 5.02338, 0, 0
49.0434, 20.6612, 5.02338, 0, 0
49.0468, 20.6612, 5.02338, 0, 0
49.0501, 20.6612, 5.02338, 0, 0
49.0534, 20.6612, 5.02338, 0, 0
49.0568, 20.6612, 5.02338, 0, 0
49.0601, 20.6612, 5.02338, 0, 0
49.0634, 20.6612, 5.02338, 0, 0
49.0668, 20.6612, 5.02338, 0, 0
49.0702, 20.6612, 5.02338, 0, 0
49.0735, 20.6612, 5.02338, 0, 0
49.0767, 20.6612, 5.02338, 0, 0
49.0801, 20.6612, 5.02338, 0, 0
49.0834, 20.6612, 5.02338, 0, 0
49.0868, 20.6612, 5.02338, 0, 0
49.0901, 20.6612, 5.02338, 0, 0
49.0935, 20.6612, 5.02338, 0, 0
49.0968, 20.6612, 5.02338, 0, 0
49.1001, 20.6612, 5.02338, 0, 0
49.1034, 20.6612, 5.02338, 0, 0
49.1068, 20.6612, 5.02338, 0, 0
49.1101, 20.6612, 5.02338, 0, 0
49.1135, 20.6612, 5.02338, 0, 0
49.1168, 20.6612, 5.02338, 0, 0
49.1201, 20.6612, 5.02338, 0, 0
49.1234, 20.6612, 5.02338, 0, 0
49.1268, 20.6612, 5.02338, 0, 0
49.1301, 20.6612, 5.02338, 0, 0
49.1335, 20.6612, 5.02338, 0, 0
49.1368, 20.6612, 5.02338, 0, 0
49.1401, 20.6612, 5.02338, 0, 0
49.1434, 20.6612, 5.02338, 0, 0
49.1468, 20.6612, 5.02338, 0, 0
49.1501, 20.6612, 5.02338, 0, 0
49.1535, 20.6612, 5.02338, 0, 0
49.1568, 20.6612, 5.02338, 0, 0
49.1602, 20.6612, 5.02338, 0, 0
49.1634, 20.6612, 5.02338, 0, 0
49.1668, 20.6612, 5.02338, 0, 0
49.1702, 20.6612, 5.02338, 0, 0
49.1735, 20.6612, 5.02338, 0, 0
49.1768, 20.6612, 5.02338, 0, 0
49.1802, 20.6612, 5.02338, 0, 0
49.1834, 20.6612, 5.02338, 0, 0
49.1868, 20.6612, 5.02338, 0, 0
49.1901, 20.6612, 5.02338, 0, 0
49.1935, 20.6612, 5.02338, 0, 0
49.1968, 20.6612, 5.02338, 0, 0
49.2001, 20.6612, 5.02338, 0, 0
49.2034, 20.6612, 5.02338, 0, 0
49.2068, 20.6612, 5.02338, 0, 0
49.2101, 20.6612, 5.02338, 0, 0
49.2134, 20.6612, 5.02338, 0, 0
49.2168, 20.6612, 5.02338, 0, 0
49.2201, 20.6612, 5.02338, 0, 0
49.2234, 20.6612, 5.02338, 0, 0
49.2268, 20.6612, 5.02338, 0, 0
49.2301, 20.6612, 5.02338, 0, 0
49.2334, 20.6612, 5.02338, 0, 0
49.2368, 20.6612, 5.02338, 0, 0
49.2401, 20.6612, 5.02338, 0, 0
49.2434, 20.6612, 5.02338, 0, 0
49.2467, 20.6612, 5.02338, 0, 0
49.2501, 20.6612, 5.02338, 0, 0
49.2535, 20.6612, 5.02338, 0, 0
49.2568, 20.6612, 5.02338, 0, 0
49.2601, 20.6612, 5.02338, 0, 0
49.2634, 20.6612, 5.02338, 0, 0
49.2668, 20.6612, 5.02338, 0, 0
49.2702, 20.6612, 5.02338, 0, 0
49.2734, 20.6612, 5.02338, 0, 0
49.2768, 20.6612, 5.02338, 0, 0
49.2801, 20.6612, 5.02338, 0, 0
49.2834, 20.6612, 5.02338, 0, 0
49.2868, 20.6612, 5.02338, 0, 0
49.2901, 20.6612, 5.02338, 0, 0
49.2934, 20.6612, 5.02338, 0, 0
49.2968, 20.6612, 5.02338, 0, 0
49.3001, 20.6612, 5.02338, 0, 0
49.3034, 20.6612, 5.02338, 0, 0
49.3068, 20.6612, 5.02338, 0, 0
49.3101, 20.6612, 5.02338, 0, 0
49.3135, 20.6612, 5.02338, 0, 0
49.3168, 20.6612, 5.02338, 0, 0
49.3201, 20.6612, 5.02338, 0, 0
49.3234, 20.6612, 5.02338, 0, 0
49.3268, 20.6612, 5.02338, 0, 0
49.3301, 20.6612, 5.02338, 0, 0
49.3335, 20.6612, 5.02338, 0, 0
49.3368, 20.6612, 5.02338, 0, 0
49.3401, 20.6612, 5.02338, 0, 0
49.3435, 20.6612, 5.02338, 0, 0
49.3468, 20.6612, 5.02338, 0, 0
49.3501, 20.6612, 5.02338, 0, 0
49.3535, 20.6612, 5.02338, 0, 0
49.3568, 20.6612, 5.02338, 0, 0
49.3602, 20.6612, 5.02338, 0, 0
49.3634, 20.6612, 5.02338, 0, 0
49.3668, 20.6612, 5.02338, 0, 0
49.3702, 20.6612, 5.02338, 0, 0
49.3735, 20.6612, 5.02338, 0, 0
49.3768, 20.6612, 5.02338, 0, 0
49.3802, 20.3527, 5.02116, -92.2047, -0.66253
49.3834, 20.3527, 5.02116, 0, 0
49.3867, 20.3527, 5.02116, 0, 0
49.3901, 20.3527, 5.02116, 0, 0
49.3934, 20.3527, 5.02116, 0, 0
49.3968, 20.3527, 5.02116, 0, 0
49.4001, 20.3527, 5.02116, 0, 0
49.4034, 20.3527, 5.02116, 0, 0
49.4068, 20.3527, 5.02116, 0, 0
49.4101, 20.3527, 5.02116, 0, 0
49.4135, 20.3527, 5.02116, 0, 0
49.4168, 20.3527, 5.02116, 0, 0
49.4201, 20.3527, 5.02116, 0, 0
49.4234, 20.3527, 5.02116, 0, 0
49.4268, 20.3527, 5.02116, 0, 0
49.4301, 20.3527, 5.02116, 0, 0
49.4334, 20.3527, 5.02116, 0, 0
49.4368, 20.3527, 5.02116, 0, 0
49.4401, 20.3527, 5.02116, 0, 0
49.4434, 20.3527, 5.02116, 0, 0
49.4468, 20.3527, 5.02116, 0, 0
49.4501, 20.3527, 5.02116, 0, 0
49.4535, 20.3527, 5.02116, 0, 0
49.4568, 20.3527, 5.02116, 0, 0
49.4602, 20.3527, 5.02116, 0, 0
49.4634, 20.3527, 5.02116, 0, 0
49.4667, 20.3527, 5.02116, 0, 0
49.4702, 20.3527, 5.02116, 0, 0
49.4735, 20.3527, 5.02116, 0, 0
49.4768, 20.3527, 5.02116, 0, 0
49.4801, 20.3527, 5.02116, 0, 0
49.4834, 20.3527, 5.02116, 0, 0
49.4867, 20.3527, 5.02116, 0, 0
49.4902, 20.3527, 5.02116, 0, 0
49.4935, 20.3527, 5.02116, 0, 0
49.4968, 20.3527, 5.02116, 0, 0
49.5001, 20.3527, 5.02116, 0, 0
49.5034, 20.3527, 5.02116, 0, 0
49.5068, 20.3527, 5.02116, 0, 0
49.5101, 20.3527, 5.02116, 0, 0
49.5135, 20.3527, 5.02116, 0, 0
49.5168, 20.3527, 5.02116, 0, 0
49.5201, 20.3527, 5.02116, 0, 0
49.5234, 20.3527, 5.02116, 0, 0
49.5268, 20.3527, 5.02116, 0, 0
49.5301, 20.3527, 5.02116, 0, 0
49.5335, 20.3527, 5.02116, 0, 0
49.5368, 20.3527, 5.02116, 0, 0
49.5401, 20.3527, 5.02116, 0, 0
49.5434, 20.3527, 5.02116, 0, 0
49.5468, 20.3527, 5.02116, 0, 0
49.5501, 20.3527, 5.02116, 0, 0
49.5535, 20.3527, 5.02116, 0, 0
49.5568, 20.3527, 5.02116, 0, 0
49.5601, 20.3527, 5.02116, 0, 0
49.5634, 20.3527, 5.02116, 0, 0
49.5668, 20.0441, 5.01894, -92.1129, -0.663229
49.5701, 20.0441, 5.01894, 0, 0
49.5734, 20.0441, 5.01894, 0, 0
49.5768, 20.0441, 5.01894, 0, 0
49.5802, 20.0441, 5.01894, 0, 0
49.5834, 20.0441, 5.01894, 0, 0
49.5868, 20.0441, 5.01894, 0, 0
49.5902, 20.0441, 5.01894, 0, 0
49.5935, 20.0441, 5.01894, 0, 0
49.5968, 20.0441, 5.01894, 0, 0
49.6001, 20.0441, 5.01894, 0, 0
49.6034, 20.0441, 5.01894, 0, 0
49.6068, 20.0441, 5.01894, 0, 0
49.6101, 20.0441, 5.01894, 0, 0
49.6135, 20.0441, 5.01894, 0, 0
49.6168, 20.0441, 5.01894, 0, 0
49.6201, 20.0441, 5.01894, 0, 0
49.6234, 20.0441, 5.01894, 0, 0
49.6268, 20.0441, 5.01894, 0, 0
49.6301, 20.0441, 5.01894, 0, 0
49.6335, 20.0441, 5.01894, 0, 0
49.6368, 20.0441, 5.01894, 0, 0
49.6401, 20.0441, 5.01894, 0, 0
49.6434, 20.0441, 5.01894, 0, 0
49.6468, 20.0441, 5.01894, 0, 0
49.6501, 20.0441, 5.01894, 0, 0
49.6535, 20.0441, 5.01894, 0, 0
49.6568, 20.0441, 5.01894, 0, 0
49.6601, 20.0441, 5.01894, 0, 0
49.6634, 20.0441, 5.01894, 0, 0
49.6668, 19.7377, 4.70816, -91.5299, -92.8403
49.6701, 19.7377, 4.70816, 0, 0
49.6734, 19.7377, 4.70816, 0, 0
49.6768, 19.7377, 4.70816, 0, 0
49.6801, 19.7377, 4.70816, 0, 0
49.6834, 19.7377, 4.70816, 0, 0
49.6868, 19.7377, 4.70816, 0, 0
49.6902, 19.7377, 4.70816, 0, 0
49.6934, 19.7377, 4.70816, 0, 0
49.6968, 19.7377, 4.70816, 0, 0
49.7002, 19.7377, 4.70816, 0, 0
49.7034, 19.7377, 4.70816, 0, 0
49.7068, 19.7377, 4.70816, 0, 0
49.7101, 19.7377, 4.70816, 0, 0
49.7135, 19.7377, 4.70816, 0, 0
49.7168, 19.7377, 4.70816, 0, 0
49.7201, 19.7377, 4.70816, 0, 0
49.7234, 19.7377, 4.70817, -2.20747e-05, 0.00310555
49.7268, 19.7377, 4.70817, 0, 0
49.7301, 19.7377, 4.70817, 0, 0
49.7335, 19.7377, 4.70817, 0, 0
49.7368, 19.4291, 4.70599, -92.207, -0.650915
49.7401, 19.4291, 4.70599, 0, 0
49.7434, 19.1205, 4.70382, -93.9858, -0.662353
49.7468, 19.1205, 4.70382, 0, 0
49.7501, 19.1205, 4.70382, 0, 0
49.7535, 19.1205, 4.70382, 0, 0
49.7568, 19.1205, 4.70382, 0, 0
49.7601, 19.1205, 4.70382, 0, 0
49.7634, 19.1205, 4.70382, 0, 0
49.7668, 19.1205, 4.70382, 0, 0
49.7701, 19.1205, 4.70382, 0, 0
49.7734, 19.1205, 4.70382, 0, 0
49.7768, 19.1205, 4.70382, 0, 0
49.7801, 19.1205, 4.70382, 0, 0
49.7834, 19.1205, 4.70382, 0, 0
49.7868, 19.1205, 4.70382, 0, 0
49.7901, 19.1205, 4.70382, 0, 0
49.7934, 19.1205, 4.70382, 0, 0
49.7968, 19.1205, 4.70382, 0, 0
49.8001, 19.1205, 4.70382, 0, 0
49.8035, 19.1205, 4.70382, 0, 0
49.8068, 19.1205, 4.70382, 0, 0
49.8101, 19.1205, 4.70382, 0, 0
49.8135, 19.1205, 4.70382, 0, 0
49.8168, 19.1205, 4.70382, 0, 0
49.8201, 19.1205, 4.70382, 0, 0
49.8234, 19.1205, 4.70382, 0, 0
49.8268, 19.1205, 4.70382, 0, 0
49.8301, 19.1205, 4.70382, 0, 0
49.8335, 19.1205, 4.70382, 0, 0
49.8368, 19.1205, 4.70382, 0, 0
49.8402, 19.1205, 4.70382, 0, 0
49.8435, 19.4313, 4.39741, 93.1764, -91.8704
49.8467, 19.4313, 4.39741, 0, 0
49.8501, 19.4313, 4.39741, 0, 0
49.8535, 19.4313, 4.39741, 0, 0
49.8568, 19.4313, 4.39741, 0, 0
49.8601, 19.4313, 4.39741, 0, 0
49.8634, 19.4291, 4.70599, -0.67038, 94.1156
49.8668, 19.4291, 4.70599, 0, 0
49.8701, 19.4291, 4.70599, 0, 0
49.8735, 19.4291, 4.70599, 0, 0
49.8768, 19.4291, 4.70599, 0, 0
49.8801, 19.4291, 4.70599, 0, 0
49.8834, 19.4291, 4.70599, 0, 0
49.8868, 19.4291, 4.70599, 0, 0
49.8901, 19.4291, 4.70599, 0, 0
49.8935, 19.4291, 4.70599, 0, 0
49.8968, 19.4291, 4.70599, 0, 0
49.9001, 19.4291, 4.70599, 0, 0
49.9035, 19.4291, 4.70599, 0, 0
49.9068, 19.4291, 4.70599, 0, 0
49.9102, 19.4291, 4.70599, 0, 0
49.9135, 19.4291, 4.70599, 0, 0
49.9168, 19.4291, 4.70599, 0, 0
49.9202, 19.4291, 4.70599, 0, 0
49.9234, 19.4291, 4.70599, 0, 0
49.9268, 19.4291, 4.70599, 0, 0
49.9301, 19.4291, 4.70599, 0, 0
49.9335, 19.4291, 4.70599, 0, 0
49.9368, 19.4291, 4.70599, 0, 0
49.9401, 19.4291, 4.70599, 0, 0
49.9434, 19.4291, 4.70599, 0, 0
49.9468, 19.4291, 4.70599, 0, 0
49.9501, 19.4291, 4.70599, 0, 0
49.9534, 19.4291, 4.70599, 0, 0
49.9568, 19.4291, 4.70599, 0, 0
49.9601, 19.4291, 4.70599, 0, 0
49.9634, 19.4291, 4.70599, 0, 0
49.9668, 19.4291, 4.70599, 0, 0
49.9701, 19.4291, 4.70599, 0, 0
49.9735, 19.4291, 4.70599, 0, 0
49.9768, 19.4291, 4.70599, 0, 0
49.9801, 19.4291, 4.70599, 0, 0
49.9834, 19.4291, 4.70599, 0, 0
49.9868, 19.4291, 4.70599, 0, 0
49.9901, 19.4291, 4.70599, 0, 0
49.9935, 19.4291, 4.70599, 0, 0
49.9968, 19.4291, 4.70599, 0, 0
50.0001, 19.4291, 4.70599, 0, 0
50.0034, 19.4291, 4.70599, 0, 0
50.0068, 19.4291, 4.70599, 0, 0
50.0101, 19.4291, 4.70599, 0, 0
50.0134, 19.4291, 4.70599, 0, 0
50.0168, 19.4291, 4.70599, 0, 0
50.0201, 19.4291, 4.70599, 0, 0
50.0234, 19.4291, 4.70599, 0, 0
50.0268, 19.4291, 4.70599, 0, 0
50.0301, 19.4291, 4.70599, 0, 0
50.0334, 19.4291, 4.70599, 0, 0
50.0368, 19.4291, 4.70599, 0, 0
50.0402, 19.4291, 4.70599, 0, 0
50.0434, 19.4291, 4.70599, 0, 0
50.0468, 19.4291, 4.70599, 0, 0
50.0501, 19.4291, 4.70599, 0, 0
50.0534, 19.4291, 4.70599, 0, 0
50.0568, 19.4291, 4.70599, 0, 0
50.0601, 19.4291, 4.70599, 0, 0
50.0634, 19.4291, 4.70599, 0, 0
50.0668, 19.4291, 4.70599, 0, 0
50.0701, 19.4291, 4.70599, 0, 0
50.0735, 19.4291, 4.70599, 0, 0
50.0768, 19.4291, 4.70599, 0, 0
50.0801, 19.4291, 4.70599, 0, 0
50.0834, 19.4291, 4.70599, 0, 0
50.0868, 19.4291, 4.70599, 0, 0
50.0901, 19.4291, 4.70599, 0, 0
50.0934, 19.4291, 4.70599, 0, 0
50.0968, 19.4291, 4.70599, 0, 0
50.1001, 19.4291, 4.70599, 0, 0
50.1034, 19.4291, 4.70599, 0, 0
50.1068, 19.4291, 4.70599, 0, 0
50.1101, 19.4291, 4.70599, 0, 0
50.1135, 19.4291, 4.70599, 0, 0
50.1168, 19.4291, 4.70599, 0, 0
50.1202, 19.4291, 4.70599, 0, 0
50.1234, 19.4291, 4.70599, 0, 0
50.1268, 19.4291, 4.70599, 0, 0
50.1301, 19.4291, 4.70599, 0, 0
50.1334, 19.4291, 4.70599, 0, 0
50.1368, 19.4291, 4.70599, 0, 0
50.1401, 19.4291, 4.70599, 0, 0
50.1434, 19.4291, 4.70599, 0, 0
50.1468, 19.4291, 4.70599, 0, 0
50.1501, 19.4291, 4.70599, 0, 0
50.1535, 19.4291, 4.70599, 0, 0
50.1568, 19.4291, 4.70599, 0, 0
50.1601, 19.4291, 4.70599, 0, 0
50.1634, 19.4291, 4.70599, 0, 0
50.1668, 19.4291, 4.70599, 0, 0
50.1701, 19.4291, 4.70599, 0, 0
50.1734, 19.4291, 4.70599, 0, 0
50.1768, 19.4291, 4.70599, 0, 0
50.1801, 19.4291, 4.70599, 0, 0
50.1834, 19.4291, 4.70599, 0, 0
50.1868, 19.4291, 4.70599, 0, 0
50.1901, 19.4291, 4.70599, 0, 0
50.1934, 19.4291, 4.70599, 0, 0
50.1968, 19.4291, 4.70599, 0, 0
50.2001, 19.4291, 4.70599, 0, 0
50.2034, 19.4291, 4.70599, 0, 0
50.2068, 19.4291, 4.70599, 0, 0
50.2101, 19.4291, 4.70599, 0, 0
50.2135, 19.4291, 4.70599, 0, 0
50.2168, 19.4291, 4.70599, 0, 0
50.2201, 19.4291, 4.70599, 0, 0
50.2234, 19.4291, 4.70599, 0, 0
50.2268, 19.4291, 4.70599, 0, 0
50.2302, 19.4291, 4.70599, 0, 0
50.2334, 19.4291, 4.70599, 0, 0
50.2368, 19.4291, 4.70599, 0, 0
50.2401, 19.4291, 4.70599, 0, 0
50.2434, 19.4291, 4.70599, 0, 0
50.2468, 19.4291, 4.70599, 0, 0
50.2501, 19.4291, 4.70599, 0, 0
50.2535, 19.4291, 4.70599, 0, 0
50.2568, 19.4291, 4.70599, 0, 0
50.2601, 19.4291, 4.70599, 0, 0
50.2634, 19.4291, 4.70599, 0, 0
50.2668, 19.4291, 4.70599, 0, 0
50.2701, 19.4291, 4.70599, 0, 0
50.2735, 19.4291, 4.70599, 0, 0
50.2768, 19.4291, 4.70599, 0, 0
50.2801, 19.4291, 4.70599, 0, 0
50.2835, 19.4291, 4.70599, 0, 0
50.2867, 19.4291, 4.70599, 0, 0
50.2901, 19.4291, 4.70599, 0, 0
50.2934, 19.4291, 4.70599, 0, 0
50.2968, 19.4291, 4.70599, 0, 0
50.3001, 19.4291, 4.70599, 0, 0
50.3034, 19.4291, 4.70599, 0, 0
50.3068, 19.4291, 4.70599, 0, 0
50.3101, 19.4291, 4.70599, 0, 0
50.3134, 19.4291, 4.70599, 0, 0
50.3168, 19.4291, 4.70599, 0, 0
50.3201, 19.4291, 4.70599, 0, 0
50.3234, 19.4291, 4.70599, 0, 0
50.3268, 19.4291, 4.70599, 0, 0
50.3302, 19.4291, 4.70599, 0, 0
50.3334, 19.4291, 4.70599, 0, 0
50.3368, 19.4291, 4.70599, 0, 0
50.3401, 19.4291, 4.70599, 0, 0
50.3434, 19.4291, 4.70599, 0, 0
50.3468, 19.4291, 4.70599, 0, 0
50.3501, 19.4291, 4.70599, 0, 0
50.3535, 19.4291, 4.70599, 0, 0
50.3568, 19.4291, 4.70599, 0, 0
50.3602, 19.4291, 4.70599, 0, 0
50.3634, 19.4291, 4.70599, 0, 0
50.3668, 19.4291, 4.70599, 0, 0
50.3701, 19.4291, 4.70599, 0, 0
50.3735, 19.4291, 4.70599, 0, 0
50.3768, 19.4291, 4.70599, 0, 0
50.3801, 19.4291, 4.70599, 0, 0
50.3835, 19.4291, 4.70599, 0, 0
50.3868, 19.4291, 4.70599, 0, 0
50.3902, 19.4291, 4.70599, 0, 0
50.3935, 19.4291, 4.70599, 0, 0
50.3968, 19.4291, 4.70599, 0, 0
50.4002, 19.4291, 4.70599, 0, 0
50.4035, 19.4291, 4.70599, 0, 0
50.4068, 19.4291, 4.70599, 0, 0
50.4101, 19.4291, 4.70599, 0, 0
50.4134, 19.4291, 4.70599, 0, 0
50.4167, 19.4313, 4.39741, 0.650695, -92.9331
50.4201, 19.4313, 4.39741, 0, 0
50.4234, 19.4313, 4.39741, 0, 0
50.4268, 19.4313, 4.39741, 0, 0
50.4302, 19.4313, 4.39741, 0, 0
50.4334, 19.4313, 4.39741, 0, 0
50.4367, 19.4313, 4.39741, 0, 0
50.4401, 19.4313, 4.39741, 0, 0
50.4434, 19.4313, 4.39741, 0, 0
50.4468, 19.4313, 4.39741, 0, 0
50.4502, 19.4313, 4.39741, 0, 0
50.4534, 19.4313, 4.39741, 0, 0
50.4568, 19.4313, 4.39741, 0, 0
50.4601, 19.4313, 4.39741, 0, 0
50.4634, 19.4313, 4.39741, 0, 0
50.4668, 19.4313, 4.39741, 0, 0
50.4701, 19.4313, 4.39741, 0, 0
50.4735, 19.4313, 4.39741, 0, 0
50.4768, 19.4313, 4.39741, 0, 0
50.4801, 19.4313, 4.39741, 0, 0
50.4835, 19.4313, 4.39741, 0, 0
50.4868, 19.4313, 4.39741, 0, 0
50.4901, 19.4313, 4.39741, 0, 0
50.4935, 19.4313, 4.39741, 0, 0
50.4968, 19.4313, 4.39741, 0, 0
50.5001, 19.4313, 4.39741, 0, 0
50.5035, 19.4313, 4.39741, 0, 0
50.5068, 19.4313, 4.39741, 0, 0
50.5101, 19.4313, 4.39741, 0, 0
50.5135, 19.4313, 4.39741, 0, 0
50.5168, 19.4313, 4.39741, 0, 0
50.5201, 19.4313, 4.39741, 0, 0
50.5234, 19.4313, 4.39741, 0, 0
50.5268, 19.4313, 4.39741, 0, 0
50.5301, 19.4313, 4.39741, 0, 0
50.5334, 19.4313, 4.39741, 0, 0
50.5368, 19.4313, 4.39741, 0, 0
50.5401, 19.4313, 4.39741, 0, 0
50.5434, 19.4313, 4.39741, 0, 0
50.5468, 19.4313, 4.39741, 0, 0
50.5501, 19.4313, 4.39741, 0, 0
50.5535, 19.4313, 4.39741, 0, 0
50.5568, 19.4313, 4.39741, 0, 0
50.5601, 19.4313, 4.39741, 0, 0
50.5634, 19.4313, 4.39741, 0, 0
50.5668, 19.4313, 4.39741, 0, 0
50.5702, 19.4313, 4.39741, 0, 0
50.5735, 19.4313, 4.39741, 0, 0
50.5768, 19.4313, 4.39741, 0, 0
50.5801, 19.4313, 4.39741, 0, 0
50.5835, 19.4313, 4.39741, 0, 0
50.5868, 19.4313, 4.39741, 0, 0
50.5901, 19.4313, 4.39741, 0, 0
50.5935, 19.4313, 4.39741, 0, 0
50.5968, 19.4313, 4.39741, 0, 0
50.6001, 19.4313, 4.39741, 0, 0
50.6034, 19.4313, 4.39741, 0, 0
50.6068, 19.4313, 4.39741, 0, 0
50.6101, 19.4313, 4.39741, 0, 0
50.6135, 19.4313, 4.39741, 0, 0
50.6168, 19.4313, 4.39741, 0, 0
50.6201, 19.4313, 4.39741, 0, 0
50.6234, 19.4313, 4.39741, 0, 0
50.6268, 19.4313, 4.39741, 0, 0
50.6301, 19.4313, 4.39741, 0, 0
50.6335, 19.4313, 4.39741, 0, 0
50.6368, 19.4313, 4.39741, 0, 0
50.6401, 19.4313, 4.39741, 0, 0
50.6434, 19.4313, 4.39741, 0, 0
50.6468, 19.4313, 4.39741, 0, 0
50.6502, 19.4313, 4.39741, 0, 0
50.6535, 19.4313, 4.39741, 0, 0
50.6568, 19.4313, 4.39741, 0, 0
50.6601, 19.4313, 4.39741, 0, 0
50.6634, 19.4313, 4.39741, 0, 0
50.6668, 19.4313, 4.39741, 0, 0
50.6701, 19.4313, 4.39741, 0, 0
50.6734, 19.4313, 4.39741, 0, 0
50.6768, 19.4313, 4.39741, 0, 0
50.6801, 19.4313, 4.39741, 0, 0
50.6834, 19.4313, 4.39741, 0, 0
50.6868, 19.4313, 4.39741, 0, 0
50.6901, 19.4313, 4.39741, 0, 0
50.6935, 19.4313, 4.39741, 0, 0
50.6968, 19.4313, 4.39741, 0, 0
50.7001, 19.4313, 4.39741, 0, 0
50.7034, 19.4313, 4.39741, 0, 0
50.7068, 19.4313, 4.39741, 0, 0
50.7101, 19.4313, 4.39741, 0, 0
50.7134, 19.4313, 4.39741, 0, 0
50.7168, 19.4313, 4.39741, 0, 0
50.7201, 19.4313, 4.39741, 0, 0
50.7234, 19.4313, 4.39741, 0, 0
50.7268, 19.4313, 4.39741, 0, 0
50.7301, 19.4313, 4.39741, 0, 0
50.7334, 19.4313, 4.39741, 0, 0
50.7368, 19.4313, 4.39741, 0, 0
50.7401, 19.4313, 4.39741, 0, 0
50.7435, 19.4313, 4.39741, 0, 0
50.7468, 19.4313, 4.39741, 0, 0
50.7501, 19.4313, 4.39741, 0, 0
50.7534, 19.4313, 4.39741, 0, 0
50.7568, 19.4313, 4.39741, 0, 0
50.7601, 19.4313, 4.39741, 0, 0
50.7634, 19.4313, 4.39741, 0, 0
50.7668, 19.4313, 4.39741, 0, 0
50.7701, 19.4313, 4.39741, 0, 0
50.7734, 19.4313, 4.39741, 0, 0
50.7768, 19.4313, 4.39741, 0, 0
50.7802, 19.4313, 4.39741, 0, 0
50.7834, 19.4313, 4.39741, 0, 0
50.7868, 19.4313, 4.39741, 0, 0
50.7901, 19.4313, 4.39741, 0, 0
50.7934, 19.4313, 4.39741, 0, 0
50.7968, 19.4313, 4.39741, 0, 0
50.8002, 19.4313, 4.39741, 0, 0
50.8034, 19.4313, 4.39741, 0, 0
50.8068, 19.4313, 4.39741, 0, 0
50.8101, 19.4313, 4.39741, 0, 0
50.8135, 19.4313, 4.39741, 0, 0
50.8168, 19.4313, 4.39741, 0, 0
50.8201, 19.4313, 4.39741, 0, 0
50.8234, 19.4313, 4.39741, 0, 0
50.8268, 19.4313, 4.39741, 0, 0
50.8301, 19.4313, 4.39741, 0, 0
50.8335, 19.4313, 4.39741, 0, 0
50.8368, 19.4313, 4.39741, 0, 0
50.8401, 19.4313, 4.39741, 0, 0
50.8435, 19.4313, 4.39741, 0, 0
50.8468, 19.4313, 4.39741, 0, 0
50.8501, 19.4313, 4.39741, 0, 0
50.8534, 19.4313, 4.39741, 0, 0
50.8568, 19.4313, 4.39741, 0, 0
50.8601, 19.4313, 4.39741, 0, 0
50.8634, 19.4313, 4.39741, 0, 0
50.8668, 19.4313, 4.39741, 0, 0
50.8701, 19.4313, 4.39741, 0, 0
50.8734, 19.4313, 4.39741, 0, 0
50.8768, 19.4313, 4.39741, 0, 0
50.8801, 19.4313, 4.39741, 0, 0
50.8834, 19.4313, 4.39741, 0, 0
50.8868, 19.4313, 4.39741, 0, 0
50.8901, 19.4313, 4.39741, 0, 0
50.8934, 19.4313, 4.39741, 0, 0
50.8968, 19.4313, 4.39741, 0, 0
50.9001, 19.4313, 4.39741, 0, 0
50.9034, 19.4313, 4.39741, 0, 0
50.9068, 19.4313, 4.39741, 0, 0
50.9101, 19.4313, 4.39741, 0, 0
50.9135, 19.4313, 4.39741, 0, 0
50.9168, 19.4313, 4.39741, 0, 0
50.9201, 19.4313, 4.39741, 0, 0
50.9234, 19.4313, 4.39741, 0, 0
50.9268, 19.4313, 4.39741, 0, 0
50.9301, 19.4313, 4.39741, 0, 0
50.9335, 19.4313, 4.39741, 0, 0
50.9368, 19.4313, 4.39741, 0, 0
50.9401, 19.4313, 4.39741, 0, 0
50.9434, 19.4313, 4.39741, 0, 0
50.9468, 19.4313, 4.39741, 0, 0
50.9501, 19.4313, 4.39741, 0, 0
50.9535, 19.4313, 4.39741, 0, 0
50.9568, 19.4313, 4.39741, 0, 0
50.9601, 19.4313, 4.39741, 0, 0
50.9634, 19.4313, 4.39741, 0, 0
50.9668, 19.4313, 4.39741, 0, 0
50.9701, 19.4313, 4.39741, 0, 0
50.9735, 19.4313, 4.39741, 0, 0
50.9768, 19.4313, 4.39741, 0, 0
50.9802, 19.4313, 4.39741, 0, 0
50.9835, 19.4313, 4.39741, 0, 0
50.9868, 19.4313, 4.39741, 0, 0
50.9901, 19.4313, 4.39741, 0, 0
50.9935, 19.4313, 4.39741, 0, 0
50.9968, 19.4313, 4.39741, 0, 0
51.0001, 19.4313, 4.39741, 0, 0
51.0034, 19.4313, 4.39741, 0, 0
51.0068, 19.4313, 4.39741, 0, 0
51.0101, 19.4313, 4.39741, 0, 0
51.0135, 19.4313, 4.39741, 0, 0
51.0168, 19.4313, 4.39741, 0, 0
51.0201, 19.4313, 4.39741, 0, 0
51.0234, 19.4313, 4.39741, 0, 0
51.0268, 19.4313, 4.39741, 0, 0
51.0301, 19.4313, 4.39741, 0, 0
51.0334, 19.4313, 4.39741, 0, 0
51.0368, 19.4313, 4.39741, 0, 0
51.0401, 19.4313, 4.39741, 0, 0
51.0435, 19.4313, 4.39741, 0, 0
51.0468, 19.4313, 4.39741, 0, 0
51.0501, 19.4313, 4.39741, 0, 0
51.0535, 19.4313, 4.39741, 0, 0
51.0568, 19.4313, 4.39741, 0, 0
51.0601, 19.4313, 4.39741, 0, 0
51.0634, 19.4313, 4.39741, 0, 0
51.0668, 19.4313, 4.39741, 0, 0
51.0701, 19.4313, 4.39741, 0, 0
51.0735, 19.4313, 4.39741, 0, 0
51.0768, 19.4313, 4.39741, 0, 0
51.0801, 19.4313, 4.39741, 0, 0
51.0835, 19.4313, 4.39741, 0, 0
51.0868, 19.4313, 4.39741, 0, 0
51.0902, 19.4313, 4.39741, 0, 0
51.0935, 19.4313, 4.39741, 0, 0
51.0968, 19.4313, 4.39741, 0, 0
51.1001, 19.4313, 4.39741, 0, 0
51.1034, 19.4313, 4.39741, 0, 0
51.1068, 19.4313, 4.39741, 0, 0
51.1102, 19.4313, 4.39741, 0, 0
51.1135, 19.4313, 4.39741, 0, 0
51.1168, 19.4313, 4.39741, 0, 0
51.1202, 19.4313, 4.39741, 0, 0
51.1234, 19.4313, 4.39741, 0, 0
51.1268, 19.4313, 4.39741, 0, 0
51.1301, 19.4313, 4.39741, 0, 0
51.1334, 19.4313, 4.39741, 0, 0
51.1368, 19.4313, 4.39741, 0, 0
51.1401, 19.4313, 4.39741, 0, 0
51.1435, 19.4313, 4.39741, 0, 0
51.1468, 19.4313, 4.39741, 0, 0
51.1501, 19.4313, 4.39741, 0, 0
51.1535, 19.4313, 4.39741, 0, 0
51.1568, 19.4313, 4.39741, 0, 0
51.1602, 19.4313, 4.39741, 0, 0
51.1634, 19.4313, 4.39741, 0, 0
51.1668, 19.4313, 4.39741, 0, 0
51.1701, 19.4313, 4.39741, 0, 0
51.1735, 19.4313, 4.39741, 0, 0
51.1768, 19.4313, 4.39741, 0, 0
51.1801, 19.4313, 4.39741, 0, 0
51.1835, 19.4313, 4.39741, 0, 0
51.1868, 19.4313, 4.39741, 0, 0
51.1901, 19.4313, 4.39741, 0, 0
51.1935, 19.4313, 4.39741, 0, 0
51.1968, 19.4313, 4.39741, 0, 0
51.2001, 19.4313, 4.39741, 0, 0
51.2034, 19.4313, 4.39741, 0, 0
51.2068, 19.4313, 4.39741, 0, 0
51.2101, 19.4313, 4.39741, 0, 0
51.2135, 19.4313, 4.39741, 0, 0
51.2168, 19.4313, 4.39741, 0, 0
51.2201, 19.4313, 4.39741, 0, 0
51.2234, 19.4313, 4.39741, 0, 0
51.2268, 19.4313, 4.39741, 0, 0
51.2301, 19.4313, 4.39741, 0, 0
51.2335, 19.4313, 4.39741, 0, 0
51.2368, 19.4313, 4.39741, 0, 0
51.2401, 19.4313, 4.39741, 0, 0
51.2435, 19.4313, 4.39741, 0, 0
51.2468, 19.4313, 4.39741, 0, 0
51.2501, 19.4313, 4.39741, 0, 0
51.2535, 19.4313, 4.39741, 0, 0
51.2568, 19.4313, 4.39741, 0, 0
51.2601, 19.4313, 4.39741, 0, 0
51.2634, 19.4313, 4.39741, 0, 0
51.2668, 19.4313, 4.39741, 0, 0
51.2701, 19.4313, 4.39741, 0, 0
51.2735, 19.4313, 4.39741, 0, 0
51.2768, 19.4313, 4.39741, 0, 0
51.2802, 19.4313, 4.39741, 0, 0
51.2834, 19.4313, 4.39741, 0, 0
51.2868, 19.4313, 4.39741, 0, 0
51.2901, 19.4313, 4.39741, 0, 0
51.2935, 19.4313, 4.39741, 0, 0
51.2968, 19.4313, 4.39741, 0, 0
51.3002, 19.4313, 4.39741, 0, 0
51.3034, 19.4313, 4.39741, 0, 0
51.3068, 19.4313, 4.39741, 0, 0
51.3101, 19.4313, 4.39741, 0, 0
51.3134, 19.4313, 4.39741, 0, 0
51.3168, 19.4313, 4.39741, 0, 0
51.3201, 19.4313, 4.39741, 0, 0
51.3234, 19.4313, 4.39741, 0, 0
51.3268, 19.4313, 4.39741, 0, 0
51.3301, 19.4313, 4.39741, 0, 0
51.3335, 19.4313, 4.39741, 0, 0
51.3368, 19.4313, 4.39741, 0, 0
51.3401, 19.4313, 4.39741, 0, 0
51.3434, 19.4313, 4.39741, 0, 0
51.3468, 19.4313, 4.39741, 0, 0
51.3501, 19.4313, 4.39741, 0, 0
51.3534, 19.4313, 4.39741, 0, 0
51.3568, 19.4313, 4.39741, 0, 0
51.3601, 19.4313, 4.39741, 0, 0
51.3634, 19.4313, 4.39741, 0, 0
51.3668, 19.4313, 4.39741, 0, 0
51.3701, 19.4313, 4.39741, 0, 0
51.3734, 19.4313, 4.39741, 0, 0
51.3768, 19.4313, 4.39741, 0, 0
51.3801, 19.4313, 4.39741, 0, 0
51.3834, 19.4313, 4.39741, 0, 0
51.3868, 19.4313, 4.39741, 0, 0
51.3901, 19.4313, 4.39741, 0, 0
51.3934, 19.4313, 4.39741, 0, 0
51.3968, 19.4313, 4.39741, 0, 0
51.4002, 19.4313, 4.39741, 0, 0
51.4034, 19.4313, 4.39741, 0, 0
51.4067, 19.4313, 4.39741, 0, 0
51.4102, 19.4313, 4.39741, 0, 0
51.4134, 19.4313, 4.39741, 0, 0
51.4168, 19.4313, 4.39741, 0, 0
51.4201, 19.4313, 4.39741, 0, 0
51.4234, 19.4313, 4.39741, 0, 0
51.4268, 19.4313, 4.39741, 0, 0
51.4301, 19.4313, 4.39741, 0, 0
51.4334, 19.4313, 4.39741, 0, 0
51.4368, 19.4313, 4.39741, 0, 0
51.4401, 19.4313, 4.39741, 0, 0
51.4434, 19.4313, 4.39741, 0, 0
51.4468, 19.4313, 4.39741, 0, 0
51.4501, 19.4313, 4.39741, 0, 0
51.4535, 19.4313, 4.39741, 0, 0
51.4568, 19.4313, 4.39741, 0, 0
51.4601, 19.4313, 4.39741, 0, 0
51.4634, 19.4313, 4.39741, 0, 0
51.4668, 19.4313, 4.39741, 0, 0
51.4701, 19.4313, 4.39741, 0, 0
51.4735, 19.4313, 4.39741, 0, 0
51.4768, 19.4313, 4.39741, 0, 0
51.4801, 19.4313, 4.39741, 0, 0
51.4835, 19.4313, 4.39741, 0, 0
51.4868, 19.4313, 4.39741, 0, 0
51.4901, 19.4313, 4.39741, 0, 0
51.4935, 19.4313, 4.39741, 0, 0
51.4968, 19.4313, 4.39741, 0, 0
51.5001, 19.4313, 4.39741, 0, 0
51.5034, 19.4313, 4.39741, 0, 0
51.5068, 19.4313, 4.39741, 0, 0
51.5101, 19.4313, 4.39741, 0, 0
51.5134, 19.4313, 4.39741, 0, 0
51.5168, 19.4313, 4.39741, 0, 0
51.5201, 19.4313, 4.39741, 0, 0
51.5235, 19.4313, 4.39741, 0, 0
51.5268, 19.4313, 4.39741, 0, 0
51.5301, 19.4313, 4.39741, 0, 0
51.5335, 19.4313, 4.39741, 0, 0
51.5368, 19.4313, 4.39741, 0, 0
51.5401, 19.4313, 4.39741, 0, 0
51.5435, 19.4313, 4.39741, 0, 0
51.5468, 19.4313, 4.39741, 0, 0
51.5501, 19.4313, 4.39741, 0, 0
51.5535, 19.4313, 4.39741, 0, 0
51.5568, 19.4313, 4.39741, 0, 0
51.5601, 19.4313, 4.39741, 0, 0
51.5635, 19.4313, 4.39741, 0, 0
51.5668, 19.4313, 4.39741, 0, 0
51.5701, 19.4313, 4.39741, 0, 0
51.5735, 19.4313, 4.39741, 0, 0
51.5768, 19.4313, 4.39741, 0, 0
51.5801, 19.4313, 4.39741, 0, 0
51.5835, 19.4313, 4.39741, 0, 0
51.5868, 19.4313, 4.39741, 0, 0
51.5901, 19.4313, 4.39741, 0, 0
51.5935, 19.4313, 4.39741, 0, 0
51.5968, 19.4313, 4.39741, 0, 0
51.6001, 19.4313, 4.39741, 0, 0
51.6034, 19.4313, 4.39741, 0, 0
51.6068, 19.4313, 4.39741, 0, 0
51.6101, 19.4313, 4.39741, 0, 0
51.6135, 19.4313, 4.39741, 0, 0
51.6168, 19.4313, 4.39741, 0, 0
51.6201, 19.4313, 4.39741, 0, 0
51.6234, 19.4313, 4.39741, 0, 0
51.6268, 19.4313, 4.39741, 0, 0
51.6301, 19.4313, 4.39741, 0, 0
51.6335, 19.4313, 4.39741, 0, 0
51.6368, 19.4313, 4.39741, 0, 0
51.6402, 19.4313, 4.39741, 0, 0
51.6435, 19.4313, 4.39741, 0, 0
51.6468, 19.4313, 4.39741, 0, 0
51.6502, 19.4313, 4.39741, 0, 0
51.6535, 19.4313, 4.39741, 0, 0
51.6568, 19.4313, 4.39741, 0, 0
51.6601, 19.4313, 4.39741, 0, 0
51.6634, 19.4313, 4.39741, 0, 0
51.6668, 19.4313, 4.39741, 0, 0
51.6701, 19.4313, 4.39741, 0, 0
51.6735, 19.4313, 4.39741, 0, 0
51.6768, 19.4313, 4.39741, 0, 0
51.6801, 19.4313, 4.39741, 0, 0
51.6835, 19.4313, 4.39741, 0, 0
51.6868, 19.4313, 4.39741, 0, 0
51.6901, 19.4313, 4.39741, 0, 0
51.6935, 19.4313, 4.39741, 0, 0
51.6968, 19.4313, 4.39741, 0, 0
51.7001, 19.4313, 4.39741, 0, 0
51.7034, 19.4313, 4.39741, 0, 0
51.7068, 19.4313, 4.39741, 0, 0
51.7101, 19.4313, 4.39741, 0, 0
51.7134, 19.4313, 4.39741, 0, 0
51.7168, 19.4313, 4.39741, 0, 0
51.7201, 19.4313, 4.39741, 0, 0
51.7234, 19.4313, 4.39741, 0, 0
51.7268, 19.4313, 4.39741, 0, 0
51.7301, 19.4313, 4.39741, 0, 0
51.7335, 19.4313, 4.39741, 0, 0
51.7368, 19.4313, 4.39741, 0, 0
51.7402, 19.4313, 4.39741, 0, 0
51.7434, 19.4313, 4.39741, 0, 0
51.7468, 19.4313, 4.39741, 0, 0
51.7501, 19.4313, 4.39741, 0, 0
51.7534, 19.4313, 4.39741, 0, 0
51.7568, 19.4313, 4.39741, 0, 0
51.7601, 19.4313, 4.39741, 0, 0
51.7635, 19.4313, 4.39741, 0, 0
51.7668, 19.4313, 4.39741, 0, 0
51.7701, 19.4313, 4.39741, 0, 0
51.7735, 19.4313, 4.39741, 0, 0
51.7768, 19.4313, 4.39741, 0, 0
51.7801, 19.4313, 4.39741, 0, 0
51.7834, 19.4313, 4.39741, 0, 0
51.7868, 19.4313, 4.39741, 0, 0
51.7901, 19.4313, 4.39741, 0, 0
51.7934, 19.4313, 4.39741, 0, 0
51.7968, 19.4313, 4.39741, 0, 0
51.8001, 19.4313, 4.39741, 0, 0
51.8034, 19.4313, 4.39741, 0, 0
51.8068, 19.4313, 4.39741, 0, 0
51.8101, 19.4313, 4.39741, 0, 0
51.8135, 19.4313, 4.39741, 0, 0
51.8168, 19.4313, 4.39741, 0, 0
51.8201, 19.4313, 4.39741, 0, 0
51.8234, 19.4313, 4.39741, 0, 0
51.8268, 19.4313, 4.39741, 0, 0
51.8301, 19.4313, 4.39741, 0, 0
51.8334, 19.4313, 4.39741, 0, 0
51.8367, 19.4313, 4.39741, 0, 0
51.8401, 19.4313, 4.39741, 0, 0
51.8434, 19.4313, 4.39741, 0, 0
51.8468, 19.4313, 4.39741, 0, 0
51.8501, 19.4313, 4.39741, 0, 0
51.8535, 19.4313, 4.39741, 0, 0
51.8568, 19.4313, 4.39741, 0, 0
51.8601, 19.4313, 4.39741, 0, 0
51.8634, 19.4313, 4.39741, 0, 0
51.8668, 19.4313, 4.39741, 0, 0
51.8701, 19.4313, 4.39741, 0, 0
51.8734, 19.4313, 4.39741, 0, 0
51.8768, 19.4313, 4.39741, 0, 0
51.8801, 19.4313, 4.39741, 0, 0
51.8834, 19.4313, 4.39741, 0, 0
51.8868, 19.4313, 4.39741, 0, 0
51.8901, 19.4313, 4.39741, 0, 0
51.8934, 19.4313, 4.39741, 0, 0
51.8968, 19.4313, 4.39741, 0, 0
51.9001, 19.4313, 4.39741, 0, 0
51.9035, 19.4313, 4.39741, 0, 0
51.9068, 19.4313, 4.39741, 0, 0
51.9101, 19.4313, 4.39741, 0, 0
51.9135, 19.4313, 4.39741, 0, 0
51.9168, 19.4313, 4.39741, 0, 0
51.9201, 19.4313, 4.39741, 0, 0
51.9234, 19.4313, 4.39741, 0, 0
51.9268, 19.4313, 4.39741, 0, 0
51.9301, 19.4313, 4.39741, 0, 0
51.9335, 19.4313, 4.39741, 0, 0
51.9368, 19.4313, 4.39741, 0, 0
51.9401, 19.4313, 4.39741, 0, 0
51.9434, 19.4313, 4.39741, 0, 0
51.9468, 19.4313, 4.39741, 0, 0
51.9501, 19.4313, 4.39741, 0, 0
51.9535, 19.4313, 4.39741, 0, 0
51.9568, 19.4313, 4.39741, 0, 0
51.9602, 19.4313, 4.39741, 0, 0
51.9634, 19.4313, 4.39741, 0, 0
51.9667, 19.4313, 4.39741, 0, 0
51.9701, 19.4313, 4.39741, 0, 0
51.9734, 19.4313, 4.39741, 0, 0
51.9768, 19.4313, 4.39741, 0, 0
51.9801, 19.4313, 4.39741, 0, 0
51.9835, 19.4313, 4.39741, 0, 0
51.9868, 19.4313, 4.39741, 0, 0
51.9901, 19.4313, 4.39741, 0, 0
51.9935, 19.4313, 4.39741, 0, 0
51.9968, 19.4313, 4.39741, 0, 0
52.0001, 19.4313, 4.39741, 0, 0
52.0034, 19.4313, 4.39741, 0, 0
52.0068, 19.4313, 4.39741, 0, 0
52.0101, 19.4313, 4.39741, 0, 0
52.0134, 19.4313, 4.39741, 0, 0
52.0168, 19.4313, 4.39741, 0, 0
52.0201, 19.4313, 4.39741, 0, 0
52.0235, 19.4313, 4.39741, 0, 0
52.0268, 19.4313, 4.39741, 0, 0
52.0301, 19.4313, 4.39741, 0, 0
52.0335, 19.4313, 4.39741, 0, 0
52.0368, 19.4313, 4.39741, 0, 0
52.0401, 19.4313, 4.39741, 0, 0
52.0434, 19.4313, 4.39741, 0, 0
52.0468, 19.4313, 4.39741, 0, 0
52.0501, 19.4313, 4.39741, 0, 0
52.0535, 19.4313, 4.39741, 0, 0
52.0568, 19.4313, 4.39741, 0, 0
52.0601, 19.4313, 4.39741, 0, 0
52.0634, 19.4313, 4.39741, 0, 0
52.0668, 19.4313, 4.39741, 0, 0
52.0701, 19.4313, 4.39741, 0, 0
52.0734, 19.4313, 4.39741, 0, 0
52.0768, 19.4313, 4.39741, 0, 0
52.0801, 19.4313, 4.39741, 0, 0
52.0835, 19.4313, 4.39741, 0, 0
52.0868, 19.4313, 4.39741, 0, 0
52.0901, 19.4313, 4.39741, 0, 0
52.0935, 19.4313, 4.39741, 0, 0
52.0968, 19.4313, 4.39741, 0, 0
52.1001, 19.4313, 4.39741, 0, 0
52.1035, 19.4313, 4.39741, 0, 0
52.1068, 19.4313, 4.39741, 0, 0
52.1101, 19.4313, 4.39741, 0, 0
52.1135, 19.4313, 4.39741, 0, 0
52.1168, 19.4313, 4.39741, 0, 0
52.1201, 19.4313, 4.39741, 0, 0
52.1234, 19.4313, 4.39741, 0, 0
52.1268, 19.4313, 4.39741, 0, 0
52.1301, 19.4313, 4.39741, 0, 0
52.1334, 19.4313, 4.39741, 0, 0
52.1368, 19.4313, 4.39741, 0, 0
52.1401, 19.4313, 4.39741, 0, 0
52.1434, 19.4313, 4.39741, 0, 0
52.1468, 19.4313, 4.39741, 0, 0
52.1501, 19.4313, 4.39741, 0, 0
52.1534, 19.4313, 4.39741, 0, 0
52.1568, 19.4313, 4.39741, 0, 0
52.1601, 19.4313, 4.39741, 0, 0
52.1634, 19.4313, 4.39741, 0, 0
52.1668, 19.4313, 4.39741, 0, 0
52.1701, 19.4313, 4.39741, 0, 0
52.1734, 19.4313, 4.39741, 0, 0
52.1768, 19.4313, 4.39741, 0, 0
52.1801, 19.4313, 4.39741, 0, 0
52.1834, 19.4313, 4.39741, 0, 0
52.1868, 19.4313, 4.39741, 0, 0
52.1901, 19.4313, 4.39741, 0, 0
52.1935, 19.4313, 4.39741, 0, 0
52.1968, 19.4313, 4.39741, 0, 0
52.2002, 19.4313, 4.39741, 0, 0
52.2035, 19.4313, 4.39741, 0, 0
52.2068, 19.4313, 4.39741, 0, 0
52.2101, 19.4313, 4.39741, 0, 0
52.2134, 19.4313, 4.39741, 0, 0
52.2168, 19.4313, 4.39741, 0, 0
52.2201, 19.4313, 4.39741, 0, 0
52.2234, 19.4313, 4.39741, 0, 0
52.2268, 19.4313, 4.39741, 0, 0
52.2301, 19.4313, 4.39741, 0, 0
52.2334, 19.4313, 4.39741, 0, 0
52.2368, 19.4313, 4.39741, 0, 0
52.2401, 19.4313, 4.39741, 0, 0
52.2434, 19.4313, 4.39741, 0, 0
52.2468, 19.4313, 4.39741, 0, 0
52.2501, 19.4313, 4.39741, 0, 0
52.2535, 19.4313, 4.39741, 0, 0
52.2568, 19.4313, 4.39741, 0, 0
52.2602, 19.4313, 4.39741, 0, 0
52.2634, 19.4313, 4.39741, 0, 0
52.2668, 19.4313, 4.39741, 0, 0
52.2701, 19.4313, 4.39741, 0, 0
52.2735, 19.4313, 4.39741, 0, 0
52.2768, 19.4313, 4.39741, 0, 0
52.2802, 19.4313, 4.39741, 0, 0
52.2834, 19.4313, 4.39741, 0, 0
52.2868, 19.4313, 4.39741, 0, 0
52.2902, 19.4313, 4.39741, 0, 0
52.2935, 19.4313, 4.39741, 0, 0
52.2968, 19.4313, 4.39741, 0, 0
52.3001, 19.4313, 4.39741, 0, 0
52.3034, 19.1227, 4.39534, -94.0407, -0.631979
52.3068, 19.1227, 4.39534, 0, 0
52.3101, 19.1227, 4.39534, 0, 0
52.3135, 18.8141, 4.3932, -92.1983, -0.63862
52.3168, 18.8141, 4.3932, 0, 0
52.3201, 18.8141, 4.3932, 0, 0
52.3235, 18.8141, 4.3932, 0, 0
52.3268, 18.8141, 4.3932, 0, 0
52.3301, 18.8141, 4.3932, 0, 0
52.3334, 18.8163, 4.08462, 0.660081, -92.6669
52.3368, 18.8163, 4.08462, 0, 0
52.3401, 18.8163, 4.08462, 0, 0
52.3434, 18.8163, 4.08462, 0, 0
52.3468, 19.1249, 4.08681, 92.2508, 0.654447
52.3501, 19.1249, 4.08681, 0, 0
52.3534, 19.1249, 4.08681, 0, 0
52.3568, 19.1227, 4.39539, -0.63872, 92.4948
52.3601, 19.1227, 4.39539, 0, 0
52.3634, 19.1227, 4.39539, 0, 0
52.3668, 19.1227, 4.39539, 0, 0
52.3701, 18.8142, 4.39329, -94.3491, -0.641828
52.3734, 18.8142, 4.39329, 0, 0
52.3768, 18.8142, 4.39329, 0, 0
52.3801, 18.8162, 4.08471, 0.615065, -92.0935
52.3834, 18.8162, 4.08471, 0, 0
52.3868, 18.8162, 4.08471, 0, 0
52.3902, 18.8162, 4.08471, 0, 0
52.3935, 18.8162, 4.08471, 0, 0
52.3968, 18.8162, 4.08471, 0, 0
52.4001, 18.8162, 4.08471, 0, 0
52.4035, 18.8162, 4.08471, 0, 0
52.4068, 18.8162, 4.08471, 0, 0
52.4101, 18.8162, 4.08471, 0, 0
52.4135, 18.8162, 4.08471, 0, 0
52.4168, 18.8162, 4.08471, 0, 0
52.4201, 18.8162, 4.08471, 0, 0
52.4235, 18.8162, 4.08471, 0, 0
52.4268, 18.8162, 4.08471, 0, 0
52.4301, 18.8162, 4.08471, 0, 0
52.4334, 19.1248, 4.08679, 93.5851, 0.630377
52.4368, 19.1248, 4.08679, 0, 0
52.4401, 19.1248, 4.08679, 0, 0
52.4435, 18.8162, 4.08469, -92.1328, -0.626907
52.4468, 18.8162, 4.08469, 0, 0
52.4501, 18.8162, 4.08469, 0, 0
52.4535, 18.8162, 4.08469, 0, 0
52.4568, 18.8162, 4.08469, 0, 0
52.4601, 18.8162, 4.08469, 0, 0
52.4634, 18.8162, 4.08469, 0, 0
52.4668, 18.8162, 4.08469, 0, 0
52.4701, 18.8162, 4.08469, 0, 0
52.4735, 18.8162, 4.08469, 0, 0
52.4768, 18.8162, 4.08469, 0, 0
52.4801, 18.8162, 4.08469, 0, 0
52.4835, 18.8162, 4.08469, 0, 0
52.4868, 18.8162, 4.08469, 0, 0
52.4901, 18.8162, 4.08469, 0, 0
52.4935, 18.8162, 4.08469, 0, 0
52.4968, 18.8162, 4.08469, 0, 0
52.5002, 18.8162, 4.08469, 0, 0
52.5035, 18.8162, 4.08469, 0, 0
52.5068, 18.8162, 4.08469, 0, 0
52.5102, 18.8162, 4.08469, 0, 0
52.5135, 18.8162, 4.08469, 0, 0
52.5168, 18.8162, 4.08469, 0, 0
52.5201, 18.8162, 4.08469, 0, 0
52.5235, 18.8162, 4.08469, 0, 0
52.5268, 18.8162, 4.08469, 0, 0
52.5301, 18.8162, 4.08469, 0, 0
52.5335, 18.8162, 4.08469, 0, 0
52.5368, 18.8162, 4.08469, 0, 0
52.5401, 18.8162, 4.08469, 0, 0
52.5435, 18.8162, 4.08469, 0, 0
52.5468, 18.8162, 4.08469, 0, 0
52.5502, 18.8162, 4.08469, 0, 0
52.5535, 18.8162, 4.08469, 0, 0
52.5567, 18.8162, 4.08469, 0, 0
52.5601, 18.8162, 4.08469, 0, 0
52.5634, 18.8162, 4.08469, 0, 0
52.5668, 18.8162, 4.08469, 0, 0
52.5701, 18.8162, 4.08469, 0, 0
52.5734, 18.8162, 4.08469, 0, 0
52.5768, 18.8162, 4.08469, 0, 0
52.5802, 18.8162, 4.08469, 0, 0
52.5835, 18.8162, 4.08469, 0, 0
52.5868, 18.8162, 4.08469, 0, 0
52.5902, 18.8162, 4.08469, 0, 0
52.5934, 18.8162, 4.08469, 0, 0
52.5968, 18.8162, 4.08469, 0, 0
52.6001, 18.8162, 4.08469, 0, 0
52.6035, 18.8162, 4.08469, 0, 0
52.6068, 18.8162, 4.08469, 0, 0
52.6102, 18.8162, 4.08469, 0, 0
52.6135, 18.8162, 4.08469, 0, 0
52.6168, 18.8162, 4.08469, 0, 0
52.6201, 18.8162, 4.08469, 0, 0
52.6234, 18.8162, 4.08469, 0, 0
52.6268, 18.8162, 4.08469, 0, 0
52.6301, 18.8162, 4.08469, 0, 0
52.6335, 18.8162, 4.08469, 0, 0
52.6368, 18.8162, 4.08469, 0, 0
52.6401, 18.8162, 4.08469, 0, 0
52.6434, 18.8162, 4.08469, 0, 0
52.6467, 18.8162, 4.08469, 0, 0
52.6501, 18.8162, 4.08469, 0, 0
52.6534, 18.8162, 4.08469, 0, 0
52.6568, 18.8162, 4.08469, 0, 0
52.6601, 18.8162, 4.08469, 0, 0
52.6634, 18.8162, 4.08469, 0, 0
52.6668, 18.8162, 4.08469, 0, 0
52.6701, 18.8162, 4.08469, 0, 0
52.6734, 18.8162, 4.08469, 0, 0
52.6768, 18.8162, 4.08469, 0, 0
52.6801, 18.8162, 4.08469, 0, 0
52.6834, 18.8162, 4.08469, 0, 0
52.6868, 18.8162, 4.08469, 0, 0
52.6902, 18.8162, 4.08469, 0, 0
52.6935, 18.8162, 4.08469, 0, 0
52.6968, 18.8162, 4.08469, 0, 0
52.7001, 18.8162, 4.08469, 0, 0
52.7034, 18.8162, 4.08469, 0, 0
52.7068, 18.8162, 4.08469, 0, 0
52.7101, 18.8162, 4.08469, 0, 0
52.7135, 18.8162, 4.08469, 0, 0
52.7168, 18.8162, 4.08469, 0, 0
52.7201, 18.8162, 4.08469, 0, 0
52.7234, 18.8162, 4.08469, 0, 0
52.7268, 18.8162, 4.08469, 0, 0
52.7301, 18.8162, 4.08469, 0, 0
52.7335, 18.8162, 4.08469, 0, 0
52.7368, 18.8162, 4.08469, 0, 0
52.7401, 18.8162, 4.08469, 0, 0
52.7434, 18.8162, 4.08469, 0, 0
52.7468, 18.8162, 4.08469, 0, 0
52.7501, 18.8162, 4.08469, 0, 0
52.7534, 18.8162, 4.08469, 0, 0
52.7568, 18.8162, 4.08469, 0, 0
52.7601, 18.8162, 4.08469, 0, 0
52.7634, 18.8162, 4.08469, 0, 0
52.7668, 18.8162, 4.08469, 0, 0
52.7701, 18.8162, 4.08469, 0, 0
52.7734, 18.8162, 4.08469, 0, 0
52.7768, 18.8162, 4.08469, 0, 0
52.7801, 18.8162, 4.08469, 0, 0
52.7835, 18.8162, 4.08469, 0, 0
52.7868, 18.8162, 4.08469, 0, 0
52.7901, 18.8162, 4.08469, 0, 0
52.7935, 18.8162, 4.08469, 0, 0
52.7968, 18.8162, 4.08469, 0, 0
52.8002, 18.8162, 4.08469, 0, 0
52.8035, 18.8162, 4.08469, 0, 0
52.8068, 18.8162, 4.08469, 0, 0
52.8102, 18.8162, 4.08469, 0, 0
52.8135, 18.8162, 4.08469, 0, 0
52.8168, 18.8162, 4.08469, 0, 0
52.8202, 18.8162, 4.08469, 0, 0
52.8235, 18.8162, 4.08469, 0, 0
52.8268, 18.8162, 4.08469, 0, 0
52.8301, 18.8162, 4.08469, 0, 0
52.8335, 18.8162, 4.08469, 0, 0
52.8367, 18.8162, 4.08469, 0, 0
52.8402, 18.8162, 4.08469, 0, 0
52.8435, 18.8162, 4.08469, 0, 0
52.8469, 18.8162, 4.08469, 0, 0
52.8502, 18.8162, 4.08469, 0, 0
52.8535, 18.8162, 4.08469, 0, 0
52.8568, 18.8162, 4.08469, 0, 0
52.8601, 18.8162, 4.08469, 0, 0
52.8635, 18.8162, 4.08469, 0, 0
52.8668, 18.8162, 4.08469, 0, 0
52.8701, 18.8162, 4.08469, 0, 0
52.8735, 18.8162, 4.08469, 0, 0
52.8768, 18.8162, 4.08469, 0, 0
52.8801, 18.8162, 4.08469, 0, 0
52.8835, 18.8162, 4.08469, 0, 0
52.8868, 18.8162, 4.08469, 0, 0
52.8901, 18.8162, 4.08469, 0, 0
52.8935, 18.8162, 4.08469, 0, 0
52.8968, 18.8162, 4.08469, 0, 0
52.9002, 18.8162, 4.08469, 0, 0
52.9034, 18.8162, 4.08469, 0, 0
52.9068, 18.8162, 4.08469, 0, 0
52.9101, 18.8162, 4.08469, 0, 0
52.9135, 18.8162, 4.08469, 0, 0
52.9168, 18.8162, 4.08469, 0, 0
52.9201, 18.8162, 4.08469, 0, 0
52.9234, 18.8162, 4.08469, 0, 0
52.9268, 18.8162, 4.08469, 0, 0
52.9301, 18.8162, 4.08469, 0, 0
52.9335, 18.8162, 4.08469, 0, 0
52.9368, 18.8162, 4.08469, 0, 0
52.9401, 18.8162, 4.08469, 0, 0
52.9434, 18.8162, 4.08469, 0, 0
52.9468, 18.8162, 4.08469, 0, 0
52.9501, 18.8162, 4.08469, 0, 0
52.9535, 18.8162, 4.08469, 0, 0
52.9568, 18.8162, 4.08469, 0, 0
52.9601, 18.8162, 4.08469, 0, 0
52.9634, 18.8162, 4.08469, 0, 0
52.9668, 18.8162, 4.08469, 0, 0
52.9701, 18.8162, 4.08469, 0, 0
52.9734, 18.8162, 4.08469, 0, 0
52.9768, 18.8162, 4.08469, 0, 0
52.9801, 18.8162, 4.08469, 0, 0
52.9835, 18.8162, 4.08469, 0, 0
52.9868, 18.8162, 4.08469, 0, 0
52.9901, 18.8162, 4.08469, 0, 0
52.9934, 18.8162, 4.08469, 0, 0
52.9968, 18.8162, 4.08469, 0, 0
53.0001, 18.8162, 4.08469, 0, 0
53.0034, 18.8162, 4.08469, 0, 0
53.0068, 18.8162, 4.08469, 0, 0
53.0101, 18.8162, 4.08469, 0, 0
53.0135, 18.8162, 4.08469, 0, 0
53.0168, 18.8162, 4.08469, 0, 0
53.0202, 18.8162, 4.08469, 0, 0
53.0234, 18.8162, 4.08469, 0, 0
53.0268, 18.8162, 4.08469, 0, 0
53.0302, 18.8184, 3.77611, 0.635113, -92.1852
53.0335, 18.8184, 3.77611, 0, 0
53.0368, 18.8184, 3.77611, 0, 0
53.0402, 18.8184, 3.77611, 0, 0
53.0435, 18.8184, 3.77611, 0, 0
53.0468, 18.8184, 3.77611, 0, 0
53.0501, 18.8184, 3.77611, 0, 0
53.0535, 18.8184, 3.77611, 0, 0
53.0568, 18.8184, 3.77611, 0, 0
53.0601, 18.8184, 3.77611, 0, 0
53.0635, 18.8184, 3.77611, 0, 0
53.0668, 18.8184, 3.77611, 0, 0
53.0701, 18.8184, 3.77611, 0, 0
53.0735, 18.8184, 3.77611, 0, 0
53.0768, 18.8184, 3.77611, 0, 0
53.0801, 18.8184, 3.77611, 0, 0
53.0834, 18.8184, 3.77611, 0, 0
53.0868, 18.8184, 3.77611, 0, 0
53.0901, 18.8184, 3.77611, 0, 0
53.0934, 18.8184, 3.77611, 0, 0
53.0968, 18.8184, 3.77611, 0, 0
53.1001, 18.8184, 3.77611, 0, 0
53.1035, 18.8184, 3.77611, 0, 0
53.1068, 18.8184, 3.77611, 0, 0
53.1101, 18.8184, 3.77611, 0, 0
53.1135, 18.8184, 3.77611, 0, 0
53.1167, 18.8184, 3.77611, 0, 0
53.1201, 18.8184, 3.77611, 0, 0
53.1234, 18.8184, 3.77611, 0, 0
53.1268, 18.8184, 3.77611, 0, 0
53.1301, 18.8184, 3.77611, 0, 0
53.1335, 18.8184, 3.77611, 0, 0
53.1368, 18.8184, 3.77611, 0, 0
53.1402, 18.8184, 3.77611, 0, 0
53.1435, 18.8184, 3.77611, 0, 0
53.1468, 18.8184, 3.77611, 0, 0
53.1502, 18.8184, 3.77611, 0, 0
53.1535, 18.8184, 3.77611, 0, 0
53.1568, 18.8184, 3.77611, 0, 0
53.1601, 18.8184, 3.77611, 0, 0
53.1635, 18.8184, 3.77611, 0, 0
53.1668, 18.8184, 3.77611, 0, 0
53.1701, 18.8184, 3.77611, 0, 0
53.1735, 18.8184, 3.77611, 0, 0
53.1768, 18.8184, 3.77611, 0, 0
53.1801, 18.8184, 3.77611, 0, 0
53.1834, 18.8184, 3.77611, 0, 0
53.1868, 18.8184, 3.77611, 0, 0
53.1901, 18.8184, 3.77611, 0, 0
53.1934, 18.8184, 3.77611, 0, 0
53.1968, 18.8184, 3.77611, 0, 0
53.2001, 18.8184, 3.77611, 0, 0
53.2035, 18.8184, 3.77611, 0, 0
53.2068, 18.8184, 3.77611, 0, 0
53.2101, 18.8184, 3.77611, 0, 0
53.2135, 18.8184, 3.77611, 0, 0
53.2168, 18.8184, 3.77611, 0, 0
53.2201, 18.8184, 3.77611, 0, 0
53.2235, 18.8184, 3.77611, 0, 0
53.2268, 18.8184, 3.77611, 0, 0
53.2301, 18.8184, 3.77611, 0, 0
53.2335, 18.8184, 3.77611, 0, 0
53.2368, 18.8184, 3.77611, 0, 0
53.2402, 18.8184, 3.77611, 0, 0
53.2434, 18.8184, 3.77611, 0, 0
53.2468, 18.8184, 3.77611, 0, 0
53.2501, 18.8184, 3.77611, 0, 0
53.2534, 18.8184, 3.77611, 0, 0
53.2568, 18.8184, 3.77611, 0, 0
53.2601, 18.8184, 3.77611, 0, 0
53.2635, 18.8184, 3.77611, 0, 0
53.2668, 18.8184, 3.77611, 0, 0
53.2701, 18.8184, 3.77611, 0, 0
53.2734, 18.8184, 3.77611, 0, 0
53.2768, 18.8184, 3.77611, 0, 0
53.2801, 18.8184, 3.77611, 0, 0
53.2834, 18.8184, 3.77611, 0, 0
53.2868, 18.8184, 3.77611, 0, 0
53.2901, 18.8184, 3.77611, 0, 0
53.2934, 18.8184, 3.77611, 0, 0
53.2968, 18.8184, 3.77611, 0, 0
53.3001, 18.8184, 3.77611, 0, 0
53.3034, 18.8184, 3.77611, 0, 0
53.3068, 18.8184, 3.77611, 0, 0
53.3101, 18.8184, 3.77611, 0, 0
53.3134, 18.8184, 3.77611, 0, 0
53.3168, 18.8184, 3.77611, 0, 0
53.3201, 18.8184, 3.77611, 0, 0
53.3235, 18.8184, 3.77611, 0, 0
53.3268, 18.8184, 3.77611, 0, 0
53.3301, 18.8184, 3.77611, 0, 0
53.3335, 18.8184, 3.77611, 0, 0
53.3368, 18.8184, 3.77611, 0, 0
53.3402, 18.8184, 3.77611, 0, 0
53.3435, 18.8184, 3.77611, 0, 0
53.3468, 18.8184, 3.77611, 0, 0
53.3502, 18.8184, 3.77611, 0, 0
53.3535, 18.8184, 3.77611, 0, 0
53.3568, 18.8184, 3.77611, 0, 0
53.3601, 18.8184, 3.77611, 0, 0
53.3635, 18.8162, 4.08469, -0.642507, 92.1655
53.3668, 18.8162, 4.08469, 0, 0
53.3701, 18.8162, 4.08469, 0, 0
53.3735, 18.8162, 4.08469, 0, 0
53.3768, 18.8162, 4.08469, 0, 0
53.3801, 18.8162, 4.08469, 0, 0
53.3835, 18.8162, 4.08469, 0, 0
53.3868, 18.8162, 4.08469, 0, 0
53.3901, 18.8162, 4.08469, 0, 0
53.3935, 18.8162, 4.08469, 0, 0
53.3967, 18.8162, 4.08469, 0, 0
53.4001, 18.8162, 4.08469, 0, 0
53.4034, 18.8162, 4.08469, 0, 0
53.4068, 18.8162, 4.08469, 0, 0
53.4101, 18.8162, 4.08469, 0, 0
53.4134, 18.8162, 4.08469, 0, 0
53.4168, 18.8162, 4.08469, 0, 0
53.4201, 18.8162, 4.08469, 0, 0
53.4235, 18.8162, 4.08469, 0, 0
53.4268, 18.8162, 4.08469, 0, 0
53.4301, 18.8162, 4.08469, 0, 0
53.4335, 18.8162, 4.08469, 0, 0
53.4368, 18.8184, 3.77611, 0.652897, -92.9331
53.4401, 18.8184, 3.77611, 0, 0
53.4434, 18.8184, 3.77611, 0, 0
53.4468, 18.8184, 3.77611, 0, 0
53.4502, 18.8184, 3.77611, 0, 0
53.4535, 18.8184, 3.77611, 0, 0
53.4568, 18.8184, 3.77611, 0, 0
53.4602, 18.8184, 3.77611, 0, 0
53.4634, 18.8184, 3.77611, 0, 0
53.4668, 18.8184, 3.77611, 0, 0
53.4701, 18.5098, 3.77397, -93.3622, -0.647514
53.4735, 18.5098, 3.77397, 0, 0
53.4768, 18.5098, 3.77397, 0, 0
53.4801, 18.5098, 3.77397, 0, 0
53.4835, 18.5098, 3.77397, 0, 0
53.4868, 18.5098, 3.77397, 0, 0
53.4901, 18.5098, 3.77397, 0, 0
53.4935, 18.5098, 3.77397, 0, 0
53.4968, 18.5098, 3.77397, 0, 0
53.5001, 18.5098, 3.77397, 0, 0
53.5035, 18.5098, 3.77397, 0, 0
53.5068, 18.5098, 3.77397, 0, 0
53.5101, 18.5098, 3.77397, 0, 0
53.5135, 18.5098, 3.77397, 0, 0
53.5168, 18.5098, 3.77397, 0, 0
53.5201, 18.5098, 3.77397, 0, 0
53.5235, 18.5098, 3.77397, 0, 0
53.5268, 18.5077, 4.08254, -0.625005, 92.2365
53.5301, 18.5077, 4.08254, 0, 0
53.5334, 18.5077, 4.08254, 0, 0
53.5367, 18.5098, 3.77396, 0.631103, -92.6936
53.5401, 18.5098, 3.77396, 0, 0
53.5435, 18.5098, 3.77396, 0, 0
53.5468, 18.5098, 3.77396, 0, 0
53.5502, 18.2012, 3.77184, -92.1852, -0.633344
53.5534, 18.2012, 3.77184, 0, 0
53.5568, 18.2012, 3.77184, 0, 0
53.5602, 18.2012, 3.77184, 0, 0
53.5634, 18.2012, 3.77184, 0, 0
53.5668, 18.2012, 3.77184, 0, 0
53.5701, 18.2012, 3.77184, 0, 0
53.5735, 18.2012, 3.77184, 0, 0
53.5768, 18.2012, 3.77184, 0, 0
53.5801, 18.2012, 3.77184, 0, 0
53.5834, 18.2012, 3.77184, 0, 0
53.5868, 18.2012, 3.77184, 0, 0
53.5901, 18.2012, 3.77184, 0, 0
53.5935, 18.2012, 3.77184, 0, 0
53.5968, 18.2012, 3.77184, 0, 0
53.6001, 18.2012, 3.77184, 0, 0
53.6035, 18.2012, 3.77184, 0, 0
53.6068, 18.2012, 3.77184, 0, 0
53.6101, 18.2012, 3.77184, 0, 0
53.6134, 18.2012, 3.77184, 0, 0
53.6168, 18.2012, 3.77184, 0, 0
53.6201, 18.2012, 3.77184, 0, 0
53.6235, 18.2012, 3.77184, 0, 0
53.6268, 18.2034, 3.46326, 0.635517, -91.5397
53.6301, 18.2034, 3.46326, 0, 0
53.6334, 18.2034, 3.46326, 0, 0
53.6368, 18.2034, 3.46326, 0, 0
53.6401, 18.2034, 3.46326, 0, 0
53.6435, 18.2034, 3.46326, 0, 0
53.6468, 18.2034, 3.46326, 0, 0
53.6501, 18.2034, 3.46326, 0, 0
53.6535, 18.2034, 3.46326, 0, 0
53.6568, 18.2034, 3.46326, 0, 0
53.6601, 18.2034, 3.46326, 0, 0
53.6635, 18.2034, 3.46326, 0, 0
53.6668, 18.2034, 3.46326, 0, 0
53.6702, 18.2034, 3.46326, 0, 0
53.6735, 18.2034, 3.46326, 0, 0
53.6767, 18.2034, 3.46326, 0, 0
53.6801, 18.2034, 3.46326, 0, 0
53.6834, 18.2034, 3.46326, 0, 0
53.6868, 18.2034, 3.46326, 0, 0
53.6901, 18.2034, 3.46326, 0, 0
53.6935, 18.2034, 3.46326, 0, 0
53.6968, 18.2034, 3.46326, 0, 0
53.7001, 18.2034, 3.46326, 0, 0
53.7034, 18.2034, 3.46326, 0, 0
53.7068, 18.2034, 3.46326, 0, 0
53.7101, 18.2034, 3.46326, 0, 0
53.7134, 18.2034, 3.46326, 0, 0
53.7168, 18.2034, 3.46326, 0, 0
53.7201, 18.2034, 3.46326, 0, 0
53.7235, 18.2034, 3.46326, 0, 0
53.7268, 18.2034, 3.46326, 0, 0
53.7301, 18.2034, 3.46326, 0, 0
53.7334, 18.2034, 3.46326, 0, 0
53.7368, 18.2034, 3.46326, 0, 0
53.7401, 18.2034, 3.46326, 0, 0
53.7434, 18.2034, 3.46326, 0, 0
53.7468, 17.8948, 3.46114, -92.5147, -0.635817
53.7501, 17.8948, 3.46114, 0, 0
53.7534, 17.8948, 3.46114, 0, 0
53.7568, 17.8948, 3.46114, 0, 0
53.7601, 17.8948, 3.46114, 0, 0
53.7635, 17.8948, 3.46114, 0, 0
53.7668, 17.8948, 3.46114, 0, 0
53.7701, 17.8948, 3.46114, 0, 0
53.7734, 17.8948, 3.46114, 0, 0
53.7768, 17.8948, 3.46114, 0, 0
53.7802, 17.8948, 3.46114, 0, 0
53.7835, 17.8948, 3.46114, 0, 0
53.7868, 17.8948, 3.46114, 0, 0
53.7901, 17.8948, 3.46114, 0, 0
53.7935, 17.8948, 3.46114, 0, 0
53.7968, 17.8948, 3.46114, 0, 0
53.8001, 17.8948, 3.46114, 0, 0
53.8035, 17.8948, 3.46114, 0, 0
53.8068, 17.8948, 3.46114, 0, 0
53.8101, 17.8948, 3.46114, 0, 0
53.8135, 17.8948, 3.46114, 0, 0
53.8168, 17.8948, 3.46114, 0, 0
53.8201, 17.8948, 3.46114, 0, 0
53.8234, 17.8948, 3.46114, 0, 0
53.8268, 17.8948, 3.46114, 0, 0
53.8301, 17.8948, 3.46114, 0, 0
53.8334, 17.8948, 3.46114, 0, 0
53.8368, 17.8948, 3.46114, 0, 0
53.8401, 17.8948, 3.46114, 0, 0
53.8434, 17.8948, 3.46114, 0, 0
53.8468, 17.8948, 3.46114, 0, 0
53.8501, 17.8948, 3.46114, 0, 0
53.8535, 17.8948, 3.46114, 0, 0
53.8568, 17.5862, 3.45901, -93.5174, -0.645249
53.8601, 17.5862, 3.45901, 0, 0
53.8634, 17.5862, 3.45901, 0, 0
53.8668, 17.5862, 3.45901, 0, 0
53.8701, 17.2776, 3.45689, -91.9756, -0.632027
53.8734, 17.2776, 3.45689, 0, 0
53.8768, 17.2776, 3.45689, 0, 0
53.8801, 17.2776, 3.45689, 0, 0
53.8834, 17.2776, 3.45689, 0, 0
53.8868, 17.2776, 3.45689, 0, 0
53.8902, 17.5862, 3.45905, 91.2235, 0.637391
53.8934, 17.5862, 3.45905, 0, 0
53.8968, 17.5862, 3.45905, 0, 0
53.9001, 17.8948, 3.46121, 93.5038, 0.65441
53.9034, 17.8948, 3.46121, 0, 0
53.9068, 17.8948, 3.46121, 0, 0
53.9101, 17.8948, 3.46121, 0, 0
53.9134, 18.5119, 3.46554, 187.454, 1.31699
53.9168, 18.5119, 3.46554, 0, 0
53.9201, 18.5119, 3.46554, 0, 0
53.9235, 18.5119, 3.46554, 0, 0
53.9268, 18.5119, 3.46554, 0, 0
53.9301, 18.5119, 3.46554, 0, 0
53.9334, 18.5119, 3.46554, 0, 0
53.9368, 18.5119, 3.46554, 0, 0
53.9401, 18.5119, 3.46554, 0, 0
53.9434, 18.5141, 3.15696, 0.645689, -92.7666
53.9468, 18.5141, 3.15696, 0, 0
53.9501, 18.5141, 3.15696, 0, 0
53.9534, 18.5141, 3.15696, 0, 0
53.9567, 18.5141, 3.15696, 0, 0
53.9601, 18.5141, 3.15696, 0, 0
53.9634, 18.5141, 3.15696, 0, 0
53.9667, 18.2055, 3.15486, -93.1071, -0.63449
53.9701, 18.2055, 3.15486, 0, 0
53.9735, 18.2055, 3.15486, 0, 0
53.9768, 18.2055, 3.15486, 0, 0
53.9802, 17.8969, 3.15275, -92.0279, -0.630361
53.9834, 17.8969, 3.15275, 0, 0
53.9868, 17.8969, 3.15275, 0, 0
53.9902, 17.8969, 3.15275, 0, 0
53.9935, 17.8969, 3.15275, 0, 0
53.9968, 17.8969, 3.15275, 0, 0
54.0001, 17.8969, 3.15275, 0, 0
54.0034, 17.8969, 3.15275, 0, 0
54.0068, 17.8969, 3.15275, 0, 0
54.0101, 17.8969, 3.15275, 0, 0
54.0134, 17.8969, 3.15275, 0, 0
54.0168, 17.8969, 3.15275, 0, 0
54.0202, 17.8969, 3.15275, 0, 0
54.0234, 17.8969, 3.15275, 0, 0
54.0268, 17.8969, 3.15275, 0, 0
54.0301, 17.8969, 3.15275, 0, 0
54.0334, 17.8969, 3.15275, 0, 0
54.0368, 17.8969, 3.15275, 0, 0
54.0401, 17.8969, 3.15275, 0, 0
54.0434, 17.8969, 3.15275, 0, 0
54.0468, 17.8969, 3.15275, 0, 0
54.0501, 17.8969, 3.15275, 0, 0
54.0534, 17.8969, 3.15275, 0, 0
54.0568, 17.8969, 3.15275, 0, 0
54.0601, 17.8969, 3.15275, 0, 0
54.0634, 17.8969, 3.15275, 0, 0
54.0668, 17.8969, 3.15275, 0, 0
54.0701, 17.8969, 3.15275, 0, 0
54.0735, 17.8969, 3.15275, 0, 0
54.0768, 17.8969, 3.15275, 0, 0
54.0802, 17.8969, 3.15275, 0, 0
54.0835, 17.8969, 3.15275, 0, 0
54.0868, 17.8969, 3.15275, 0, 0
54.0902, 17.8969, 3.15275, 0, 0
54.0935, 17.8969, 3.15275, 0, 0
54.0968, 17.8969, 3.15275, 0, 0
54.1001, 17.8991, 2.84417, 0.651428, -93.7137
54.1034, 17.8991, 2.84417, 0, 0
54.1068, 17.8991, 2.84417, 0, 0
54.1101, 17.8991, 2.84417, 0, 0
54.1134, 17.8991, 2.84417, 0, 0
54.1168, 17.8991, 2.84417, 0, 0
54.1201, 17.8991, 2.84417, 0, 0
54.1234, 17.8991, 2.84417, 0, 0
54.1268, 17.8991, 2.84417, 0, 0
54.1301, 17.8991, 2.84417, 0, 0
54.1334, 17.8991, 2.84417, 0, 0
54.1368, 17.8991, 2.84417, 0, 0
54.1401, 17.8991, 2.84417, 0, 0
54.1434, 17.8991, 2.84417, 0, 0
54.1468, 17.8991, 2.84417, 0, 0
54.1501, 17.8991, 2.84417, 0, 0
54.1535, 17.8991, 2.84417, 0, 0
54.1568, 17.8991, 2.84417, 0, 0
54.1601, 17.8991, 2.84417, 0, 0
54.1635, 17.8991, 2.84417, 0, 0
54.1668, 17.8991, 2.84417, 0, 0
54.1701, 17.8991, 2.84417, 0, 0
54.1734, 17.8991, 2.84417, 0, 0
54.1768, 17.8991, 2.84417, 0, 0
54.1801, 17.8991, 2.84417, 0, 0
54.1835, 17.8991, 2.84417, 0, 0
54.1868, 17.8991, 2.84417, 0, 0
54.1902, 17.8991, 2.84417, 0, 0
54.1935, 17.8991, 2.84417, 0, 0
54.1968, 17.8991, 2.84417, 0, 0
54.2001, 17.8991, 2.84417, 0, 0
54.2035, 17.8991, 2.84417, 0, 0
54.2068, 17.8991, 2.84417, 0, 0
54.2102, 17.8991, 2.84417, 0, 0
54.2134, 17.8991, 2.84417, 0, 0
54.2168, 17.8991, 2.84417, 0, 0
54.2201, 17.8991, 2.84417, 0, 0
54.2235, 17.8991, 2.84417, 0, 0
54.2268, 17.8991, 2.84417, 0, 0
54.2301, 17.8991, 2.84417, 0, 0
54.2335, 17.8991, 2.84417, 0, 0
54.2368, 17.8991, 2.84417, 0, 0
54.2401, 17.8991, 2.84417, 0, 0
54.2434, 17.8991, 2.84417, 0, 0
54.2468, 17.8991, 2.84417, 0, 0
54.2501, 17.8991, 2.84417, 0, 0
54.2535, 17.8991, 2.84417, 0, 0
54.2568, 17.8991, 2.84417, 0, 0
54.2601, 17.8991, 2.84417, 0, 0
54.2635, 17.8991, 2.84417, 0, 0
54.2668, 17.8991, 2.84417, 0, 0
54.2701, 17.8991, 2.84417, 0, 0
54.2735, 17.8991, 2.84417, 0, 0
54.2768, 17.8991, 2.84417, 0, 0
54.2801, 17.8991, 2.84417, 0, 0
54.2835, 17.8991, 2.84417, 0, 0
54.2868, 17.8991, 2.84417, 0, 0
54.2901, 17.8991, 2.84417, 0, 0
54.2934, 17.8991, 2.84417, 0, 0
54.2968, 17.8991, 2.84417, 0, 0
54.3001, 17.8991, 2.84417, 0, 0
54.3034, 17.8991, 2.84417, 0, 0
54.3068, 17.8991, 2.84417, 0, 0
54.3102, 17.8991, 2.84417, 0, 0
54.3135, 17.8991, 2.84417, 0, 0
54.3168, 17.8991, 2.84417, 0, 0
54.3202, 17.8991, 2.84417, 0, 0
54.3235, 17.8991, 2.84417, 0, 0
54.3268, 17.8991, 2.84417, 0, 0
54.3301, 17.8991, 2.84417, 0, 0
54.3335, 17.8991, 2.84417, 0, 0
54.3367, 17.8991, 2.84417, 0, 0
54.3401, 17.8991, 2.84417, 0, 0
54.3434, 17.8991, 2.84417, 0, 0
54.3468, 17.8991, 2.84417, 0, 0
54.3501, 17.8991, 2.84417, 0, 0
54.3534, 17.8991, 2.84417, 0, 0
54.3568, 17.8991, 2.84417, 0, 0
54.3601, 17.8991, 2.84417, 0, 0
54.3634, 17.8991, 2.84417, 0, 0
54.3668, 17.8991, 2.84417, 0, 0
54.3701, 17.8991, 2.84417, 0, 0
54.3735, 17.8991, 2.84417, 0, 0
54.3768, 17.8991, 2.84417, 0, 0
54.3801, 17.8991, 2.84417, 0, 0
54.3835, 17.8991, 2.84417, 0, 0
54.3868, 17.8991, 2.84417, 0, 0
54.3901, 17.8991, 2.84417, 0, 0
54.3934, 17.8991, 2.84417, 0, 0
54.3968, 17.8991, 2.84417, 0, 0
54.4001, 17.8991, 2.84417, 0, 0
54.4034, 17.8991, 2.84417, 0, 0
54.4068, 17.8991, 2.84417, 0, 0
54.4102, 17.8991, 2.84417, 0, 0
54.4134, 17.8991, 2.84417, 0, 0
54.4168, 17.8991, 2.84417, 0, 0
54.4202, 17.8991, 2.84417, 0, 0
54.4234, 17.8991, 2.84417, 0, 0
54.4268, 17.8991, 2.84417, 0, 0
54.4302, 17.8991, 2.84417, 0, 0
54.4335, 17.8991, 2.84417, 0, 0
54.4368, 17.8991, 2.84417, 0, 0
54.4401, 17.8991, 2.84417, 0, 0
54.4434, 17.8991, 2.84417, 0, 0
54.4467, 17.8991, 2.84417, 0, 0
54.4501, 17.8991, 2.84417, 0, 0
54.4534, 17.8991, 2.84417, 0, 0
54.4568, 17.8991, 2.84417, 0, 0
54.4601, 17.8991, 2.84417, 0, 0
54.4635, 17.8991, 2.84417, 0, 0
54.4668, 17.8991, 2.84417, 0, 0
54.4701, 17.8991, 2.84417, 0, 0
54.4734, 17.8991, 2.84417, 0, 0
54.4768, 17.8991, 2.84417, 0, 0
54.4801, 17.8991, 2.84417, 0, 0
54.4834, 17.8991, 2.84417, 0, 0
54.4868, 17.8991, 2.84417, 0, 0
54.4901, 17.8991, 2.84417, 0, 0
54.4934, 17.8991, 2.84417, 0, 0
54.4968, 17.8991, 2.84417, 0, 0
54.5001, 17.8991, 2.84417, 0, 0
54.5034, 17.8991, 2.84417, 0, 0
54.5068, 17.8991, 2.84417, 0, 0
54.5102, 17.8991, 2.84417, 0, 0
54.5135, 17.8991, 2.84417, 0, 0
54.5167, 17.8991, 2.84417, 0, 0
54.5201, 17.8991, 2.84417, 0, 0
54.5234, 17.8991, 2.84417, 0, 0
54.5268, 17.8991, 2.84417, 0, 0
54.5301, 17.8991, 2.84417, 0, 0
54.5335, 17.8991, 2.84417, 0, 0
54.5368, 17.8991, 2.84417, 0, 0
54.5401, 17.8991, 2.84417, 0, 0
54.5434, 17.8991, 2.84417, 0, 0
54.5468, 17.8991, 2.84417, 0, 0
54.5501, 17.8991, 2.84417, 0, 0
54.5535, 17.8991, 2.84417, 0, 0
54.5568, 17.8991, 2.84417, 0, 0
54.5601, 17.8991, 2.84417, 0, 0
54.5635, 17.8991, 2.84417, 0, 0
54.5668, 17.8991, 2.84417, 0, 0
54.5701, 17.8991, 2.84417, 0, 0
54.5734, 17.8991, 2.84417, 0, 0
54.5768, 17.8991, 2.84417, 0, 0
54.5801, 17.8991, 2.84417, 0, 0
54.5834, 17.8991, 2.84417, 0, 0
54.5868, 17.8991, 2.84417, 0, 0
54.5901, 17.8991, 2.84417, 0, 0
54.5935, 17.8991, 2.84417, 0, 0
54.5968, 18.5162, 2.84843, 184.607, 1.2768
54.6001, 18.5162, 2.84843, 0, 0
54.6034, 18.5162, 2.84843, 0, 0
54.6068, 18.5162, 2.84843, 0, 0
54.6101, 18.5162, 2.84843, 0, 0
54.6134, 18.5162, 2.84843, 0, 0
54.6168, 18.5162, 2.84843, 0, 0
54.6202, 18.5162, 2.84843, 0, 0
54.6235, 18.5162, 2.84843, 0, 0
54.6268, 18.5162, 2.84843, 0, 0
54.6302, 18.5162, 2.84843, 0, 0
54.6335, 18.5162, 2.84843, 0, 0
54.6368, 18.5162, 2.84843, 0, 0
54.6402, 18.5162, 2.84843, 0, 0
54.6435, 18.5162, 2.84843, 0, 0
54.6468, 18.5162, 2.84843, 0, 0
54.6501, 18.5162, 2.84843, 0, 0
54.6534, 18.5162, 2.84843, 0, 0
54.6568, 18.5162, 2.84843, 0, 0
54.6601, 18.5162, 2.84843, 0, 0
54.6635, 18.5162, 2.84843, 0, 0
54.6668, 18.5162, 2.84843, 0, 0
54.6701, 18.5162, 2.84843, 0, 0
54.6734, 18.5162, 2.84843, 0, 0
54.6768, 18.5162, 2.84843, 0, 0
54.6801, 18.5162, 2.84843, 0, 0
54.6834, 18.5162, 2.84843, 0, 0
54.6868, 18.5162, 2.84843, 0, 0
54.6901, 18.5162, 2.84843, 0, 0
54.6935, 18.5162, 2.84843, 0, 0
54.6968, 18.5162, 2.84843, 0, 0
54.7001, 18.5162, 2.84843, 0, 0
54.7034, 18.5162, 2.84843, 0, 0
54.7068, 18.5162, 2.84843, 0, 0
54.7101, 18.5162, 2.84843, 0, 0
54.7135, 18.5162, 2.84843, 0, 0
54.7168, 18.5162, 2.84843, 0, 0
54.7201, 18.5162, 2.84843, 0, 0
54.7234, 18.5162, 2.84843, 0, 0
54.7268, 18.5162, 2.84843, 0, 0
54.7302, 18.5162, 2.84843, 0, 0
54.7335, 18.5162, 2.84843, 0, 0
54.7368, 18.5162, 2.84843, 0, 0
54.7401, 18.5162, 2.84843, 0, 0
54.7434, 18.5162, 2.84843, 0, 0
54.7468, 18.5162, 2.84843, 0, 0
54.7502, 18.5162, 2.84843, 0, 0
54.7535, 18.5162, 2.84843, 0, 0
54.7568, 18.5162, 2.84843, 0, 0
54.7601, 18.827, 2.54212, 94.9772, -93.6025
54.7635, 18.827, 2.54212, 0, 0
54.7668, 18.827, 2.54212, 0, 0
54.7701, 18.827, 2.54212, 0, 0
54.7735, 19.4397, 3.16381, 181.119, 183.799
54.7768, 19.4397, 3.16381, 0, 0
54.7801, 19.4397, 3.16381, 0, 0
54.7834, 19.4397, 3.16379, 4.79731e-05, -0.00659582
54.7868, 19.4397, 3.16379, 0, 0
54.7901, 19.4397, 3.16379, 0, 0
54.7934, 19.4397, 3.16379, 0, 0
54.7967, 20.0547, 3.47675, 186.468, 94.8951
54.8001, 20.0547, 3.47675, 0, 0
54.8034, 20.0547, 3.47675, 0, 0
54.8068, 20.0568, 3.16822, 0.641924, -91.0764
54.8101, 20.0568, 3.16822, 0, 0
54.8135, 20.0568, 3.16822, 0, 0
54.8168, 20.0568, 3.16822, 0, 0
54.8201, 20.0568, 3.16822, 0, 0
54.8235, 20.0568, 3.16822, 0, 0
54.8268, 20.0568, 3.16822, 0, 0
54.8302, 20.0568, 3.16822, -0.00696242, -5.26387e-05
54.8335, 20.0568, 3.16822, 0, 0
54.8368, 20.0568, 3.16822, 0, 0
54.8401, 20.0568, 3.16822, 0, 0
54.8435, 20.0568, 3.16822, 0, 0
54.8468, 20.0568, 3.16822, 0, 0
54.8502, 20.0567, 3.16821, -0.027033, -0.000204298
54.8535, 20.0567, 3.16821, 0, 0
54.8568, 20.0567, 3.16821, 0, 0
54.8601, 19.7505, 2.85734, -92.7583, -94.1573
54.8634, 19.7505, 2.85734, 0, 0
54.8667, 19.7505, 2.85734, 0, 0
54.8701, 19.7505, 2.85734, 0, 0
54.8735, 19.4419, 2.85506, -92.1849, -0.682013
54.8768, 19.4419, 2.85506, 0, 0
54.8801, 19.4419, 2.85506, 0, 0
54.8835, 19.7505, 2.85738, 92.1717, 0.694152
54.8868, 19.7505, 2.85738, 0, 0
54.8901, 19.7505, 2.85738, 0, 0
54.8935, 19.7505, 2.85738, 0, 0
54.8968, 19.7505, 2.85738, 0, 0
54.9001, 19.7505, 2.85738, 0, 0
54.9034, 19.7505, 2.85738, 0, 0
54.9068, 19.7505, 2.85738, 0, 0
54.9101, 19.7505, 2.85738, 0, 0
54.9135, 19.7505, 2.85738, 0, 0
54.9168, 19.4419, 2.85513, -92.2507, -0.674186
54.9201, 19.4419, 2.85513, 0, 0
54.9235, 19.4419, 2.85513, 0, 0
54.9268, 19.4419, 2.85513, 0, 0
54.9301, 19.4419, 2.85513, 0, 0
54.9334, 19.4419, 2.85513, 0, 0
54.9367, 19.4419, 2.85513, 0, 0
54.9401, 19.1333, 2.85281, -91.3907, -0.687044
54.9434, 19.1333, 2.85281, 0, 0
54.9468, 19.1333, 2.85281, 0, 0
54.9502, 19.4419, 2.85515, 92.1388, 0.697983
54.9534, 19.4419, 2.85515, 0, 0
54.9568, 19.4419, 2.85515, 0, 0
54.9602, 18.8247, 2.85043, -182.639, -1.39675
54.9635, 18.8247, 2.85043, 0, 0
54.9668, 18.8247, 2.85043, 0, 0
54.9701, 18.8247, 2.85043, 0, 0
54.9735, 18.8247, 2.85043, 0, 0
54.9768, 18.8247, 2.85043, 0, 0
54.9801, 18.8247, 2.85043, 0, 0
54.9834, 18.8247, 2.85043, 0, 0
54.9868, 18.8247, 2.85043, 0, 0
54.9901, 18.8247, 2.85043, 0, 0
54.9935, 18.8247, 2.85043, 0, 0
54.9968, 18.8247, 2.85043, 0, 0
55.0001, 18.8247, 2.85043, 0, 0
55.0034, 18.8247, 2.85043, 0, 0
55.0068, 18.8247, 2.85043, 0, 0
55.0101, 18.8247, 2.85043, 0, 0
55.0134, 18.8247, 2.85043, 0, 0
55.0168, 18.8247, 2.85043, 0, 0
55.0201, 18.8247, 2.85043, 0, 0
55.0235, 18.8247, 2.85043, 0, 0
55.0268, 18.8247, 2.85043, 0, 0
55.0301, 18.8247, 2.85043, 0, 0
55.0334, 18.8247, 2.85043, 0, 0
55.0368, 19.1333, 2.85278, 92.5473, 0.705024
55.0401, 19.1333, 2.85278, 0, 0
55.0434, 19.1333, 2.85278, 0, 0
55.0468, 19.1356, 2.5442, 0.70339, -92.5671
55.0501, 19.1356, 2.5442, 0, 0
55.0534, 19.1356, 2.5442, 0, 0
55.0568, 19.1356, 2.5442, 0, 0
55.0602, 19.1356, 2.5442, 0, 0
55.0635, 19.1356, 2.5442, 0, 0
55.0668, 19.1356, 2.5442, 0, 0
55.0702, 19.1356, 2.5442, 0, 0
55.0735, 19.1356, 2.5442, 0, 0
55.0768, 19.1356, 2.5442, 0, 0
55.0801, 19.1356, 2.5442, 0, 0
55.0835, 19.1356, 2.5442, 0, 0
55.0868, 19.1356, 2.5442, 0, 0
55.0901, 19.1356, 2.5442, 0, 0
55.0935, 19.1356, 2.5442, 0, 0
55.0968, 19.1356, 2.5442, 0, 0
55.1001, 19.1356, 2.5442, 0, 0
55.1035, 19.1356, 2.5442, 0, 0
55.1068, 19.1356, 2.5442, 0, 0
55.1101, 19.1356, 2.5442, 0, 0
55.1135, 19.1356, 2.5442, 0, 0
55.1168, 19.1356, 2.5442, 0, 0
55.1201, 19.1356, 2.5442, 0, 0
55.1235, 19.1356, 2.5442, 0, 0
55.1268, 19.1356, 2.5442, 0, 0
55.1301, 19.1356, 2.5442, 0, 0
55.1334, 19.1356, 2.5442, 0, 0
55.1368, 19.1356, 2.5442, 0, 0
55.1401, 19.1356, 2.5442, 0, 0
55.1435, 19.1356, 2.5442, 0, 0
55.1468, 19.1356, 2.5442, 0, 0
55.1502, 19.1356, 2.5442, 0, 0
55.1535, 19.1356, 2.5442, 0, 0
55.1568, 19.1356, 2.5442, 0, 0
55.1601, 19.1356, 2.5442, 0, 0
55.1635, 19.1356, 2.5442, 0, 0
55.1668, 19.1356, 2.5442, 0, 0
55.1701, 19.1356, 2.5442, 0, 0
55.1735, 19.1356, 2.5442, 0, 0
55.1768, 19.1356, 2.5442, 0, 0
55.1802, 19.1356, 2.5442, 0, 0
55.1835, 19.1356, 2.5442, 0, 0
55.1868, 19.1356, 2.5442, 0, 0
55.1901, 19.1356, 2.5442, 0, 0
55.1935, 19.1356, 2.5442, 0, 0
55.1968, 19.1356, 2.5442, 0, 0
55.2001, 19.1356, 2.5442, 0, 0
55.2035, 19.1356, 2.5442, 0, 0
55.2068, 19.1356, 2.5442, 0, 0
55.2101, 19.1356, 2.5442, 0, 0
55.2134, 19.1356, 2.5442, 0, 0
55.2168, 19.1356, 2.5442, 0, 0
55.2201, 19.1356, 2.5442, 0, 0
55.2235, 19.1356, 2.5442, 0, 0
55.2268, 19.1356, 2.5442, 0, 0
55.2301, 19.1356, 2.5442, 0, 0
55.2334, 19.1356, 2.5442, 0, 0
55.2368, 19.4442, 2.54654, 91.8185, 0.695766
55.2401, 19.4442, 2.54654, 0, 0
55.2435, 19.4442, 2.54654, 0, 0
55.2468, 19.4442, 2.54654, 0, 0
55.2501, 19.4442, 2.54654, 0, 0
55.2535, 19.4442, 2.54654, 0, 0
55.2568, 19.4442, 2.54654, 0, 0
55.2602, 19.4442, 2.54654, 0, 0
55.2634, 19.4442, 2.54654, 0, 0
55.2668, 19.4442, 2.54654, 0, 0
55.2702, 19.4442, 2.54654, 0, 0
55.2735, 19.4442, 2.54654, 0, 0
55.2768, 19.4442, 2.54654, 0, 0
55.2802, 19.4442, 2.54654, 0, 0
55.2835, 19.4442, 2.54654, 0, 0
55.2868, 19.4442, 2.54654, 0, 0
55.2901, 19.4442, 2.54654, 0, 0
55.2935, 19.4442, 2.54654, 0, 0
55.2968, 19.4442, 2.54654, 0, 0
55.3001, 19.4442, 2.54654, 0, 0
55.3035, 19.4442, 2.54654, 0, 0
55.3068, 19.4442, 2.54654, 0, 0
55.3101, 19.4442, 2.54654, 0, 0
55.3135, 19.4442, 2.54654, 0, 0
55.3168, 19.4442, 2.54654, 0, 0
55.3201, 19.4442, 2.54654, 0, 0
55.3235, 19.4442, 2.54654, 0, 0
55.3267, 19.4442, 2.54654, 0, 0
55.3301, 19.4442, 2.54654, 0, 0
55.3334, 19.4442, 2.54654, 0, 0
55.3368, 19.4442, 2.54654, 0, 0
55.3401, 19.4442, 2.54654, 0, 0
55.3435, 19.4442, 2.54654, 0, 0
55.3468, 19.1356, 2.54417, -93.3415, -0.715165
55.3501, 19.1356, 2.54417, 0, 0
55.3535, 19.1356, 2.54417, 0, 0
55.3568, 19.1356, 2.54417, 0, 0
55.3601, 19.1356, 2.54417, 0, 0
55.3635, 19.1356, 2.54417, 0, 0
55.3667, 19.138, 2.23559, 0.731493, -94.659
55.3701, 19.138, 2.23559, 0, 0
55.3735, 19.138, 2.23559, 0, 0
55.3768, 19.138, 2.23559, 0, 0
55.3802, 19.1404, 1.92702, 0.716712, -92.2372
55.3835, 19.1404, 1.92702, 0, 0
55.3868, 19.1404, 1.92702, 0, 0
55.3901, 19.1428, 1.61844, 0.716489, -93.7811
55.3935, 19.1428, 1.61844, 0, 0
55.3968, 19.1428, 1.61844, 0, 0
55.4002, 19.4514, 1.62078, 92.1913, 0.700143
55.4035, 19.4514, 1.62078, 0, 0
55.4068, 19.4514, 1.62078, 0, 0
55.4101, 19.4514, 1.62078, 0, 0
55.4135, 19.4514, 1.62078, 0, 0
55.4168, 19.4514, 1.62078, 0, 0
55.4201, 19.4514, 1.62078, 0, 0
55.4234, 19.7599, 1.62308, 91.6885, 0.684421
55.4268, 19.7599, 1.62308, 0, 0
55.4301, 19.7599, 1.62308, 0, 0
55.4334, 19.4514, 1.6208, -91.5718, -0.676883
55.4368, 19.4514, 1.6208, 0, 0
55.4402, 19.4514, 1.6208, 0, 0
55.4434, 19.4514, 1.6208, 0, 0
55.4468, 19.7554, 2.24024, 90.8034, 185.011
55.4501, 19.7554, 2.24024, 0, 0
55.4534, 19.7554, 2.24024, 0, 0
55.4568, 19.7531, 2.54882, -0.672207, 92.3956
55.4601, 19.7531, 2.54882, 0, 0
55.4634, 19.7531, 2.54882, 0, 0
55.4668, 19.7531, 2.54882, 0, 0
55.4701, 19.7509, 2.8574, -0.677636, 93.3687
55.4735, 19.7509, 2.8574, 0, 0
55.4768, 19.7509, 2.8574, 0, 0
55.4802, 19.7509, 2.8574, 0, 0
55.4835, 19.7509, 2.8574, 0, 0
55.4868, 19.7509, 2.8574, 0, 0
55.4901, 19.4423, 2.85507, -93.4157, -0.705283
55.4935, 19.4423, 2.85507, 0, 0
55.4968, 19.4423, 2.85507, 0, 0
55.5001, 19.4423, 2.85507, 0, 0
55.5035, 19.4423, 2.85507, 0, 0
55.5068, 19.4423, 2.85507, 0, 0
55.5101, 19.4423, 2.85507, 0, 0
55.5134, 19.4423, 2.85507, 0, 0
55.5168, 19.4423, 2.85507, 0, 0
55.5201, 19.4423, 2.85507, 0, 0
55.5235, 19.4446, 2.54649, 0.688932, -92.2243
55.5268, 19.4446, 2.54649, 0, 0
55.5301, 19.4446, 2.54649, 0, 0
55.5335, 19.4446, 2.54649, 0, 0
55.5368, 19.4446, 2.54649, 0, 0
55.5401, 19.4446, 2.54649, 0, 0
55.5434, 19.4446, 2.54649, 0, 0
55.5468, 19.4446, 2.54649, 0, 0
55.5501, 19.4446, 2.54649, 0, 0
55.5535, 19.4446, 2.54649, 0, 0
55.5568, 19.4446, 2.54649, 0, 0
55.5601, 19.4446, 2.54649, 0, 0
55.5635, 19.4446, 2.54649, 0, 0
55.5668, 19.4492, 1.92933, 1.38874, -187.386
55.5701, 19.4492, 1.92933, 0, 0
55.5735, 19.4492, 1.92933, 0, 0
55.5768, 19.4492, 1.92933, 0, 0
55.5801, 19.4492, 1.92933, 0, 0
55.5835, 19.4492, 1.92933, 0, 0
55.5868, 19.4492, 1.92933, 0, 0
55.5902, 19.4492, 1.92933, 0, 0
55.5934, 19.4492, 1.92933, 0, 0
55.5968, 19.4492, 1.92933, 0, 0
55.6002, 19.4492, 1.92933, 0, 0
55.6035, 19.4492, 1.92933, 0, 0
55.6068, 19.4492, 1.92933, 0, 0
55.6101, 19.4492, 1.92933, 0, 0
55.6134, 19.4492, 1.92933, 0, 0
55.6168, 19.4492, 1.92933, 0, 0
55.6201, 19.4492, 1.92933, 0, 0
55.6235, 19.4492, 1.92933, 0, 0
55.6268, 19.4492, 1.92933, 0, 0
55.6302, 19.4492, 1.92933, 0, 0
55.6335, 19.4492, 1.92933, 0, 0
55.6367, 19.4492, 1.92933, 0, 0
55.6401, 19.4492, 1.92933, 0, 0
55.6434, 19.4469, 2.23791, -0.699103, 93.2811
55.6468, 19.4469, 2.23791, 0, 0
55.6501, 19.4469, 2.23791, 0, 0
55.6534, 19.4469, 2.23791, 0, 0
55.6568, 19.4469, 2.23791, 0, 0
55.6601, 19.4469, 2.23791, 0, 0
55.6635, 19.4469, 2.23791, 0, 0
55.6668, 19.4469, 2.23791, 0, 0
55.6701, 19.4469, 2.23791, 0, 0
55.6734, 19.4469, 2.23791, 0, 0
55.6768, 19.4469, 2.23791, 0, 0
55.6801, 19.4469, 2.23791, 0, 0
55.6835, 19.4469, 2.23791, 0, 0
55.6868, 19.4469, 2.23791, 0, 0
55.6902, 19.4469, 2.23791, 0, 0
55.6935, 19.4469, 2.23791, 0, 0
55.6968, 19.4469, 2.23791, 0, 0
55.7001, 19.4469, 2.23791, 0, 0
55.7034, 19.4469, 2.23791, 0, 0
55.7068, 19.4469, 2.23791, 0, 0
55.7102, 19.7555, 2.24036, 90.9856, 0.7217
55.7135, 19.7555, 2.24036, 0, 0
55.7168, 19.7555, 2.24036, 0, 0
55.7201, 20.064, 2.24289, 92.6462, 0.759731
55.7235, 20.064, 2.24289, 0, 0
55.7268, 20.064, 2.24289, 0, 0
55.7301, 20.064, 2.24289, 0, 0
55.7335, 20.6812, 2.24833, 180.468, 1.59132
55.7368, 20.6812, 2.24833, 0, 0
55.7401, 20.6812, 2.24833, 0, 0
55.7435, 21.2956, 2.56242, 181.415, 92.7391
55.7468, 21.2956, 2.56242, 0, 0
55.7501, 21.2956, 2.56242, 0, 0
55.7535, 21.9155, 2.25927, 185.093, -90.5232
55.7568, 21.9155, 2.25927, 0, 0
55.7601, 21.9155, 2.25927, 0, 0
55.7635, 23.1446, 2.88689, 368.572, 188.207
55.7668, 23.1446, 2.88689, 0, 0
55.7701, 23.1446, 2.88689, 0, 0
55.7734, 23.1446, 2.88689, 0, 0
55.7768, 23.142, 3.19555, -0.77464, 92.4829
55.7801, 23.142, 3.19555, 0, 0
55.7835, 23.142, 3.19555, 0, 0
55.7868, 24.6849, 3.20799, 461.553, 3.72212
55.7901, 24.6849, 3.20799, 0, 0
55.7934, 24.6849, 3.20799, 0, 0
55.7968, 24.9911, 3.51897, 91.2732, 92.7048
55.8001, 24.9911, 3.51897, 0, 0
55.8035, 24.9911, 3.51897, 0, 0
55.8068, 24.9911, 3.51897, 0, 0
55.8102, 25.302, 3.21266, 91.5749, -90.2279
55.8135, 25.302, 3.21266, 0, 0
55.8168, 25.302, 3.21266, 0, 0
55.8202, 25.6062, 3.83199, 90.3445, 183.89
55.8234, 25.6062, 3.83199, 0, 0
55.8268, 25.6062, 3.83199, 0, 0
55.8301, 25.9149, 3.8339, 92.6053, 0.572673
55.8335, 25.9149, 3.8339, 0, 0
55.8368, 25.9149, 3.8339, 0, 0
55.8401, 25.9149, 3.8339, 0, 0
55.8435, 24.9892, 3.82838, -273.037, -1.62728
55.8468, 24.9892, 3.82838, 0, 0
55.8501, 24.9892, 3.82838, 0, 0
55.8534, 24.6822, 3.51807, -92.9562, -93.9807
55.8568, 24.6822, 3.51807, 0, 0
55.8601, 24.6822, 3.51807, 0, 0
55.8635, 24.6822, 3.51807, 0, 0
55.8668, 24.0635, 3.82342, -185.189, 91.3899
55.8701, 24.0635, 3.82342, 0, 0
55.8734, 24.0635, 3.82342, 0, 0
55.8768, 23.7565, 3.51324, -90.6268, -91.562
55.8801, 23.7565, 3.51324, 0, 0
55.8835, 23.7565, 3.51324, 0, 0
55.8868, 22.8322, 3.20027, -279.971, -94.7973
55.8901, 22.8322, 3.20027, 0, 0
55.8935, 22.8322, 3.20027, 0, 0
55.8968, 22.8337, 2.89161, 0.446123, -92.1444
55.9001, 22.8337, 2.89161, 0, 0
55.9035, 22.8337, 2.89161, 0, 0
55.9068, 22.8337, 2.89161, 0, 0
55.9102, 22.5251, 2.89006, -90.8851, -0.456339
55.9134, 22.5251, 2.89006, 0, 0
55.9168, 22.5251, 2.89006, 0, 0
55.9201, 22.5234, 3.19864, -0.494151, 92.2518
55.9235, 22.5234, 3.19864, 0, 0
55.9268, 22.5234, 3.19864, 0, 0
55.9301, 22.5234, 3.19864, 0, 0
55.9335, 22.5234, 3.19864, 0, 0
55.9368, 22.5234, 3.19864, 0, 0
55.9401, 22.5234, 3.19864, 0, 0
55.9435, 22.5234, 3.19867, -0.00714596, 0.00756589
55.9468, 22.5234, 3.19867, 0, 0
55.9501, 22.5234, 3.19867, 0, 0
55.9535, 22.5234, 3.19867, 0, 0
55.9568, 22.832, 3.20036, 93.2621, 0.510237
55.9601, 22.832, 3.20036, 0, 0
55.9635, 22.832, 3.20036, 0, 0
55.9668, 22.832, 3.20036, 0, 0
55.9701, 22.832, 3.20036, 0, 0
55.9734, 22.832, 3.20036, 0, 0
55.9768, 22.832, 3.20036, 0, 0
55.9801, 22.832, 3.20036, 0, 0
55.9835, 22.832, 3.20036, 0, 0
55.9868, 22.832, 3.20036, 0, 0
55.9901, 22.832, 3.20036, 0, 0
55.9934, 22.832, 3.20036, 0, 0
55.9968, 22.8305, 3.50894, -0.459684, 92.2849
56.0001, 22.8305, 3.50894, 0, 0
56.0034, 22.8305, 3.50894, 0, 0
56.0068, 22.8305, 3.50894, 0, 0
56.0101, 22.8305, 3.50894, 0, 0
56.0134, 22.8305, 3.50894, 0, 0
56.0168, 22.8305, 3.50894, 0, 0
56.0202, 22.8289, 3.81753, -0.465451, 91.2246
56.0235, 22.8289, 3.81753, 0, 0
56.0268, 22.8289, 3.81753, 0, 0
56.0302, 22.8289, 3.81753, 0, 0
56.0335, 22.8289, 3.81753, 0, 0
56.0368, 22.8289, 3.81753, 0, 0
56.0401, 22.5203, 3.81589, -94.5982, -0.502296
56.0434, 22.5203, 3.81589, 0, 0
56.0468, 22.5203, 3.81589, 0, 0
56.0502, 22.5219, 3.5073, 0.492381, -92.1205
56.0535, 22.5219, 3.5073, 0, 0
56.0568, 22.5219, 3.5073, 0, 0
56.0601, 22.5219, 3.5073, 0, 0
56.0635, 22.8305, 3.50896, 92.1401, 0.495048
56.0668, 22.8305, 3.50896, 0, 0
56.0701, 22.8305, 3.50896, 0, 0
56.0735, 22.8305, 3.50896, 0, 0
56.0768, 22.8305, 3.50896, 0, 0
56.0801, 22.8305, 3.50896, 0, 0
56.0835, 22.8305, 3.50896, 0, 0
56.0868, 22.8305, 3.50896, 0, 0
56.0901, 22.8305, 3.50896, 0, 0
56.0935, 22.8305, 3.50896, 0, 0
56.0968, 22.8322, 3.20038, 0.486622, -92.0943
56.1001, 22.8322, 3.20038, 0, 0
56.1034, 22.8322, 3.20038, 0, 0
56.1068, 22.8322, 3.20038, 0, 0
56.1101, 22.8322, 3.20038, 0, 0
56.1134, 22.8322, 3.20038, 0, 0
56.1168, 22.8322, 3.20038, 0, 0
56.1201, 22.8322, 3.20038, 0, 0
56.1235, 22.8322, 3.20038, 0, 0
56.1268, 22.8322, 3.20038, 0, 0
56.1302, 22.8322, 3.20038, 0, 0
56.1334, 22.8322, 3.20038, 0, 0
56.1368, 22.8322, 3.20038, 0, 0
56.1401, 22.8322, 3.20038, 0, 0
56.1435, 22.8322, 3.20038, 0, 0
56.1468, 22.8322, 3.20038, 0, 0
56.1501, 22.8322, 3.20038, 0, 0
56.1535, 22.8322, 3.20038, 0, 0
56.1568, 22.8322, 3.20038, 0, 0
56.1601, 22.8322, 3.20038, 0, 0
56.1635, 22.8322, 3.20038, 0, 0
56.1668, 22.8322, 3.20038, 0, 0
56.1702, 22.8322, 3.20038, 0, 0
56.1735, 22.8322, 3.20038, 0, 0
56.1768, 22.8322, 3.20038, 0, 0
56.1801, 22.8322, 3.20038, 0, 0
56.1835, 22.8322, 3.20038, 0, 0
56.1868, 22.8322, 3.20038, 0, 0
56.1901, 22.8322, 3.20038, 0, 0
56.1935, 22.8322, 3.20038, 0, 0
56.1968, 22.8322, 3.20038, 0, 0
56.2001, 22.8322, 3.20038, 0, 0
56.2035, 22.8322, 3.20038, 0, 0
56.2068, 22.8322, 3.20038, 0, 0
56.2101, 22.8322, 3.20038, 0, 0
56.2135, 22.8322, 3.20038, 0, 0
56.2168, 22.8322, 3.20038, 0, 0
56.2201, 22.8322, 3.20038, 0, 0
56.2235, 22.8322, 3.20038, 0, 0
56.2268, 22.8322, 3.20038, 0, 0
56.2301, 22.8322, 3.20038, 0, 0
56.2334, 22.8322, 3.20038, 0, 0
56.2368, 22.8322, 3.20038, 0, 0
56.2402, 22.8322, 3.20038, 0, 0
56.2435, 22.8322, 3.20038, 0, 0
56.2468, 22.8322, 3.20038, 0, 0
56.2502, 22.8322, 3.20038, 0, 0
56.2535, 22.8322, 3.20038, 0, 0
56.2568, 22.8322, 3.20038, 0, 0
56.2601, 22.8322, 3.20038, 0, 0
56.2635, 22.8322, 3.20038, 0, 0
56.2668, 22.8322, 3.20038, 0, 0
56.2701, 22.8322, 3.20038, 0, 0
56.2735, 22.8322, 3.20038, 0, 0
56.2768, 22.8322, 3.20038, 0, 0
56.2801, 22.8322, 3.20038, 0, 0
56.2835, 22.8322, 3.20038, 0, 0
56.2868, 22.8322, 3.20038, 0, 0
56.2901, 22.8322, 3.20038, 0, 0
56.2935, 22.8322, 3.20038, 0, 0
56.2968, 22.8322, 3.20038, 0, 0
56.3001, 22.8322, 3.20038, 0, 0
56.3035, 22.8322, 3.20038, 0, 0
56.3068, 22.8322, 3.20038, 0, 0
56.3101, 22.8322, 3.20038, 0, 0
56.3135, 22.8322, 3.20038, 0, 0
56.3168, 22.8322, 3.20038, 0, 0
56.3201, 22.8322, 3.20038, 0, 0
56.3234, 22.8322, 3.20038, 0, 0
56.3268, 22.8322, 3.20038, 0, 0
56.3301, 22.8322, 3.20038, 0, 0
56.3335, 22.8322, 3.20038, 0, 0
56.3368, 22.8322, 3.20038, 0, 0
56.3401, 22.8322, 3.20038, 0, 0
56.3435, 22.8322, 3.20038, 0, 0
56.3468, 22.8322, 3.20038, 0, 0
56.3502, 22.8322, 3.20038, 0, 0
56.3535, 22.8322, 3.20038, 0, 0
56.3568, 22.8322, 3.20038, 0, 0
56.3602, 22.8305, 3.50896, -0.491406, 92.2124
56.3635, 22.8305, 3.50896, 0, 0
56.3668, 22.8305, 3.50896, 0, 0
56.3702, 22.8305, 3.50896, 0, 0
56.3735, 22.8305, 3.50896, 0, 0
56.3768, 22.8305, 3.50896, 0, 0
56.3801, 22.8305, 3.50896, 0, 0
56.3834, 22.8305, 3.50896, 0, 0
56.3868, 22.8305, 3.50896, 0, 0
56.3901, 22.8305, 3.50896, 0, 0
56.3935, 22.8305, 3.50896, 0, 0
56.3968, 22.8305, 3.50896, 0, 0
56.4001, 22.8305, 3.50896, 0, 0
56.4035, 22.8305, 3.50896, 0, 0
56.4068, 22.8305, 3.50896, 0, 0
56.4101, 22.8305, 3.50896, 0, 0
56.4134, 22.8305, 3.50896, 0, 0
56.4168, 22.8305, 3.50896, 0, 0
56.4201, 22.8305, 3.50896, 0, 0
56.4234, 22.8305, 3.50896, 0, 0
56.4268, 22.8305, 3.50896, 0, 0
56.4301, 22.8305, 3.50896, 0, 0
56.4335, 22.8305, 3.50896, 0, 0
56.4368, 22.8305, 3.50896, 0, 0
56.4401, 22.8305, 3.50896, 0, 0
56.4434, 22.8305, 3.50896, 0, 0
56.4468, 22.8305, 3.50896, 0, 0
56.4501, 22.8305, 3.50896, 0, 0
56.4535, 22.8305, 3.50896, 0, 0
56.4568, 22.8305, 3.50896, 0, 0
56.4602, 22.8305, 3.50896, 0, 0
56.4635, 22.8305, 3.50896, 0, 0
56.4668, 22.8305, 3.50896, 0, 0
56.4702, 22.8305, 3.50896, 0, 0
56.4735, 22.8305, 3.50896, 0, 0
56.4768, 22.8305, 3.50896, 0, 0
56.4802, 22.8305, 3.50896, 0, 0
56.4834, 22.8305, 3.50896, 0, 0
56.4868, 22.8305, 3.50896, 0, 0
56.4901, 22.8305, 3.50896, 0, 0
56.4935, 22.8305, 3.50896, 0, 0
56.4968, 22.8305, 3.50896, 0, 0
56.5001, 22.8305, 3.50896, 0, 0
56.5034, 22.8305, 3.50896, 0, 0
56.5067, 22.8305, 3.50896, 0, 0
56.5101, 22.8305, 3.50896, 0, 0
56.5135, 22.8305, 3.50896, 0, 0
56.5168, 22.8305, 3.50896, 0, 0
56.5201, 22.8305, 3.50896, 0, 0
56.5235, 22.8305, 3.50896, 0, 0
56.5268, 22.8305, 3.50896, 0, 0
56.5301, 22.8305, 3.50896, 0, 0
56.5335, 22.8305, 3.50896, 0, 0
56.5368, 22.8305, 3.50896, 0, 0
56.5401, 22.8305, 3.50896, 0, 0
56.5435, 22.8305, 3.50896, 0, 0
56.5468, 22.8305, 3.50896, 0, 0
56.5501, 22.8305, 3.50896, 0, 0
56.5535, 22.8305, 3.50896, 0, 0
56.5568, 22.8305, 3.50896, 0, 0
56.5601, 22.8305, 3.50896, 0, 0
56.5635, 22.8305, 3.50896, 0, 0
56.5668, 22.8305, 3.50896, 0, 0
56.5702, 22.8305, 3.50896, 0, 0
56.5735, 22.8305, 3.50896, 0, 0
56.5768, 22.8305, 3.50896, 0, 0
56.5802, 22.8305, 3.50896, 0, 0
56.5835, 22.8305, 3.50896, 0, 0
56.5868, 22.8305, 3.50896, 0, 0
56.5902, 22.8305, 3.50896, 0, 0
56.5935, 22.8305, 3.50896, 0, 0
56.5968, 22.8305, 3.50896, 0, 0
56.6001, 22.8305, 3.50896, 0, 0
56.6034, 22.8305, 3.50896, 0, 0
56.6068, 22.8305, 3.50896, 0, 0
56.6101, 22.8305, 3.50896, 0, 0
56.6135, 22.8305, 3.50896, 0, 0
56.6168, 22.8305, 3.50896, 0, 0
56.6201, 22.8305, 3.50896, 0, 0
56.6235, 22.8305, 3.50896, 0, 0
56.6268, 22.8305, 3.50896, 0, 0
56.6301, 22.8305, 3.50896, 0, 0
56.6335, 22.8305, 3.50896, 0, 0
56.6368, 22.8305, 3.50896, 0, 0
56.6401, 22.8305, 3.50896, 0, 0
56.6435, 22.8305, 3.50896, 0, 0
56.6468, 22.8305, 3.50896, 0, 0
56.6501, 22.8305, 3.50896, 0, 0
56.6535, 22.8305, 3.50896, 0, 0
56.6568, 22.8305, 3.50896, 0, 0
56.6601, 22.8305, 3.50896, 0, 0
56.6634, 22.8305, 3.50896, 0, 0
56.6668, 22.8305, 3.50896, 0, 0
56.6701, 22.8305, 3.50896, 0, 0
56.6735, 22.8305, 3.50896, 0, 0
56.6768, 22.8305, 3.50896, 0, 0
56.6802, 22.8305, 3.50896, 0, 0
56.6835, 22.8305, 3.50896, 0, 0
56.6868, 22.8305, 3.50896, 0, 0
56.6901, 22.8305, 3.50896, 0, 0
56.6934, 22.8305, 3.50896, 0, 0
56.6968, 22.8305, 3.50896, 0, 0
56.7001, 22.8305, 3.50896, 0, 0
56.7035, 22.8305, 3.50896, 0, 0
56.7067, 22.8305, 3.50896, 0, 0
56.7101, 22.8305, 3.50896, 0, 0
56.7134, 22.8305, 3.50896, 0, 0
56.7168, 22.8305, 3.50896, 0, 0
56.7201, 22.8305, 3.50896, 0, 0
56.7234, 22.8305, 3.50896, 0, 0
56.7268, 22.8305, 3.50896, 0, 0
56.7301, 22.8305, 3.50896, 0, 0
56.7334, 22.8305, 3.50896, 0, 0
56.7368, 22.8305, 3.50896, 0, 0
56.7401, 22.8305, 3.50896, 0, 0
56.7434, 22.8305, 3.50896, 0, 0
56.7468, 22.8305, 3.50896, 0, 0
56.7501, 22.8305, 3.50896, 0, 0
56.7535, 22.8305, 3.50896, 0, 0
56.7568, 22.8305, 3.50896, 0, 0
56.7601, 22.8305, 3.50896, 0, 0
56.7635, 22.8305, 3.50896, 0, 0
56.7668, 22.8305, 3.50896, 0, 0
56.7701, 22.8305, 3.50896, 0, 0
56.7735, 22.8305, 3.50896, 0, 0
56.7768, 22.8305, 3.50896, 0, 0
56.7802, 22.8305, 3.50896, 0, 0
56.7835, 22.8305, 3.50896, 0, 0
56.7867, 22.8305, 3.50896, 0, 0
56.7901, 22.8305, 3.50896, 0, 0
56.7934, 22.8305, 3.50896, 0, 0
56.7968, 22.8305, 3.50896, 0, 0
56.8001, 22.8305, 3.50896, 0, 0
56.8035, 22.8305, 3.50896, 0, 0
56.8067, 22.8305, 3.50896, 0, 0
56.8101, 22.8305, 3.50896, 0, 0
56.8135, 22.8305, 3.50896, 0, 0
56.8168, 22.8305, 3.50896, 0, 0
56.8201, 22.8305, 3.50896, 0, 0
56.8235, 22.8305, 3.50896, 0, 0
56.8268, 22.8305, 3.50896, 0, 0
56.8301, 22.8305, 3.50896, 0, 0
56.8335, 22.8305, 3.50896, 0, 0
56.8368, 22.8305, 3.50896, 0, 0
56.8401, 22.8305, 3.50896, 0, 0
56.8434, 22.8305, 3.50896, 0, 0
56.8468, 22.8305, 3.50896, 0, 0
56.8501, 22.8305, 3.50896, 0, 0
56.8534, 22.8305, 3.50896, 0, 0
56.8568, 22.8305, 3.50896, 0, 0
56.8601, 22.8305, 3.50896, 0, 0
56.8635, 22.8305, 3.50896, 0, 0
56.8668, 22.8305, 3.50896, 0, 0
56.8701, 22.8305, 3.50896, 0, 0
56.8734, 22.8305, 3.50896, 0, 0
56.8768, 22.8305, 3.50896, 0, 0
56.8801, 22.8305, 3.50896, 0, 0
56.8834, 22.8305, 3.50896, 0, 0
56.8868, 22.8305, 3.50896, 0, 0
56.8901, 22.8305, 3.50896, 0, 0
56.8935, 22.8305, 3.50896, 0, 0
56.8968, 22.8305, 3.50896, 0, 0
56.9002, 22.8305, 3.50896, 0, 0
56.9035, 22.8305, 3.50896, 0, 0
56.9068, 22.8305, 3.50896, 0, 0
56.9101, 22.8305, 3.50896, 0, 0
56.9135, 22.8305, 3.50896, 0, 0
56.9168, 22.8305, 3.50896, 0, 0
56.9201, 22.8305, 3.50896, 0, 0
56.9235, 22.8305, 3.50896, 0, 0
56.9268, 22.8305, 3.50896, 0, 0
56.9301, 22.8305, 3.50896, 0, 0
56.9334, 22.8305, 3.50896, 0, 0
56.9368, 22.8305, 3.50896, 0, 0
56.9401, 22.8305, 3.50896, 0, 0
56.9434, 22.8305, 3.50896, 0, 0
56.9468, 22.8305, 3.50896, 0, 0
56.9501, 22.8305, 3.50896, 0, 0
56.9535, 22.8305, 3.50896, 0, 0
56.9568, 22.8305, 3.50896, 0, 0
56.9601, 22.8305, 3.50896, 0, 0
56.9635, 22.8305, 3.50896, 0, 0
56.9668, 22.8305, 3.50896, 0, 0
56.9701, 22.8305, 3.50896, 0, 0
56.9734, 22.8305, 3.50896, 0, 0
56.9768, 22.8305, 3.50896, 0, 0
56.9801, 22.8305, 3.50896, 0, 0
56.9835, 22.8305, 3.50896, 0, 0
56.9868, 22.8305, 3.50896, 0, 0
56.9901, 22.8305, 3.50896, 0, 0
56.9935, 22.8305, 3.50896, 0, 0
56.9968, 22.8305, 3.50896, 0, 0
57.0002, 22.8305, 3.50896, 0, 0
57.0035, 22.8305, 3.50896, 0, 0
57.0068, 22.8305, 3.50896, 0, 0
57.0101, 22.8305, 3.50896, 0, 0
57.0134, 22.8305, 3.50896, 0, 0
57.0168, 22.8305, 3.50896, 0, 0
57.0201, 22.8305, 3.50896, 0, 0
57.0236, 22.8305, 3.50896, 0, 0
57.0267, 22.8305, 3.50896, 0, 0
57.0301, 22.8305, 3.50896, 0, 0
57.0335, 22.8305, 3.50896, 0, 0
57.0368, 22.8305, 3.50896, 0, 0
57.0401, 22.8305, 3.50896, 0, 0
57.0435, 22.8305, 3.50896, 0, 0
57.0468, 22.8305, 3.50896, 0, 0
57.0501, 22.8305, 3.50896, 0, 0
57.0534, 22.8305, 3.50896, 0, 0
57.0568, 22.8305, 3.50896, 0, 0
57.0601, 22.8305, 3.50896, 0, 0
57.0634, 22.8305, 3.50896, 0, 0
57.0668, 22.8305, 3.50896, 0, 0
57.0701, 22.8305, 3.50896, 0, 0
57.0734, 22.8305, 3.50896, 0, 0
57.0768, 22.8305, 3.50896, 0, 0
57.0801, 22.8305, 3.50896, 0, 0
57.0835, 22.8305, 3.50896, 0, 0
57.0868, 22.8305, 3.50896, 0, 0
57.0902, 22.8305, 3.50896, 0, 0
57.0935, 22.8305, 3.50896, 0, 0
57.0968, 22.8305, 3.50896, 0, 0
57.1002, 22.8305, 3.50896, 0, 0
57.1034, 22.8305, 3.50896, 0, 0
57.1067, 22.8305, 3.50896, 0, 0
57.1101, 22.8305, 3.50896, 0, 0
57.1135, 22.8305, 3.50896, 0, 0
57.1168, 22.8305, 3.50896, 0, 0
57.1202, 22.8305, 3.50896, 0, 0
57.1235, 22.8305, 3.50896, 0, 0
57.1268, 22.8305, 3.50896, 0, 0
57.1301, 22.8305, 3.50896, 0, 0
57.1335, 22.8305, 3.50896, 0, 0
57.1368, 22.8305, 3.50896, 0, 0
57.1401, 22.8305, 3.50896, 0, 0
57.1434, 22.8305, 3.50896, 0, 0
57.1468, 22.8305, 3.50896, 0, 0
57.1501, 22.8305, 3.50896, 0, 0
57.1535, 22.8305, 3.50896, 0, 0
57.1568, 22.8305, 3.50896, 0, 0
57.1601, 22.8305, 3.50896, 0, 0
57.1635, 22.8305, 3.50896, 0, 0
57.1668, 22.8305, 3.50896, 0, 0
57.1701, 22.8305, 3.50896, 0, 0
57.1734, 22.8305, 3.50896, 0, 0
57.1768, 22.8305, 3.50896, 0, 0
57.1801, 22.8305, 3.50896, 0, 0
57.1835, 22.8305, 3.50896, 0, 0
57.1868, 22.8305, 3.50896, 0, 0
57.1901, 22.8305, 3.50896, 0, 0
57.1934, 22.8305, 3.50896, 0, 0
57.1968, 22.8305, 3.50896, 0, 0
57.2002, 22.8305, 3.50896, 0, 0
57.2035, 22.8305, 3.50896, 0, 0
57.2068, 22.8305, 3.50896, 0, 0
57.2101, 22.8305, 3.50896, 0, 0
57.2134, 22.8305, 3.50896, 0, 0
57.2168, 22.8305, 3.50896, 0, 0
57.2201, 22.8305, 3.50896, 0, 0
57.2234, 22.8305, 3.50896, 0, 0
57.2267, 22.8305, 3.50896, 0, 0
57.2301, 22.8305, 3.50896, 0, 0
57.2334, 22.8305, 3.50896, 0, 0
57.2367, 22.8305, 3.50896, 0, 0
57.2401, 22.8305, 3.50896, 0, 0
57.2434, 22.8305, 3.50896, 0, 0
57.2468, 22.8305, 3.50896, 0, 0
57.2501, 22.8305, 3.50896, 0, 0
57.2534, 22.8305, 3.50896, 0, 0
57.2568, 22.8305, 3.50896, 0, 0
57.2601, 22.8305, 3.50896, 0, 0
57.2634, 22.8305, 3.50896, 0, 0
57.2668, 22.8305, 3.50896, 0, 0
57.2701, 22.8305, 3.50896, 0, 0
57.2734, 22.8305, 3.50896, 0, 0
57.2768, 22.8305, 3.50896, 0, 0
57.2801, 22.8305, 3.50896, 0, 0
57.2835, 22.8305, 3.50896, 0, 0
57.2868, 22.8305, 3.50896, 0, 0
57.2901, 22.8305, 3.50896, 0, 0
57.2935, 22.8305, 3.50896, 0, 0
57.2968, 22.8305, 3.50896, 0, 0
57.3001, 22.8305, 3.50896, 0, 0
57.3034, 22.8305, 3.50896, 0, 0
57.3068, 22.8305, 3.50896, 0, 0
57.3101, 22.8305, 3.50896, 0, 0
57.3135, 22.8305, 3.50896, 0, 0
57.3167, 22.8305, 3.50896, 0, 0
57.3201, 22.8305, 3.50896, 0, 0
57.3234, 22.8305, 3.50896, 0, 0
57.3268, 22.8305, 3.50896, 0, 0
57.3301, 22.8305, 3.50896, 0, 0
57.3334, 22.8305, 3.50896, 0, 0
57.3367, 22.8305, 3.50896, 0, 0
57.3401, 22.8305, 3.50896, 0, 0
57.3434, 22.8305, 3.50896, 0, 0
57.3468, 22.8305, 3.50896, 0, 0
57.3501, 22.8305, 3.50896, 0, 0
57.3534, 22.8305, 3.50896, 0, 0
57.3568, 22.8305, 3.50896, 0, 0
57.3601, 22.8305, 3.50896, 0, 0
57.3634, 22.8305, 3.50896, 0, 0
57.3668, 22.8305, 3.50896, 0, 0
57.3701, 22.8305, 3.50896, 0, 0
57.3734, 22.8305, 3.50896, 0, 0
57.3768, 22.8305, 3.50896, 0, 0
57.3801, 22.8305, 3.50896, 0, 0
57.3834, 22.8305, 3.50896, 0, 0
57.3868, 22.8305, 3.50896, 0, 0
57.3901, 22.8305, 3.50896, 0, 0
57.3935, 22.8305, 3.50896, 0, 0
57.3968, 22.8305, 3.50896, 0, 0
57.4001, 22.8305, 3.50896, 0, 0
57.4035, 22.8305, 3.50896, 0, 0
57.4067, 22.8305, 3.50896, 0, 0
57.4101, 22.8305, 3.50896, 0, 0
57.4135, 22.8305, 3.50896, 0, 0
57.4168, 22.8305, 3.50896, 0, 0
57.4201, 22.8305, 3.50896, 0, 0
57.4235, 22.8305, 3.50896, 0, 0
57.4268, 22.8305, 3.50896, 0, 0
57.4301, 22.8305, 3.50896, 0, 0
57.4335, 22.8305, 3.50896, 0, 0
57.4367, 22.8305, 3.50896, 0, 0
57.4401, 22.8305, 3.50896, 0, 0
57.4434, 22.8305, 3.50896, 0, 0
57.4468, 22.8305, 3.50896, 0, 0
57.4501, 22.8305, 3.50896, 0, 0
57.4535, 22.8305, 3.50896, 0, 0
57.4568, 22.8305, 3.50896, 0, 0
57.4601, 22.8305, 3.50896, 0, 0
57.4635, 22.8305, 3.50896, 0, 0
57.4668, 22.8305, 3.50896, 0, 0
57.4701, 22.8305, 3.50896, 0, 0
57.4734, 22.8305, 3.50896, 0, 0
57.4768, 22.8305, 3.50896, 0, 0
57.4802, 22.8305, 3.50896, 0, 0
57.4835, 22.8305, 3.50896, 0, 0
57.4868, 22.8305, 3.50896, 0, 0
57.4901, 22.8305, 3.50896, 0, 0
57.4935, 22.8305, 3.50896, 0, 0
57.4968, 22.8305, 3.50896, 0, 0
57.5001, 22.8305, 3.50896, 0, 0
57.5035, 22.8305, 3.50896, 0, 0
57.5068, 22.8305, 3.50896, 0, 0
57.5101, 22.8305, 3.50896, 0, 0
57.5134, 22.8305, 3.50896, 0, 0
57.5168, 22.8305, 3.50896, 0, 0
57.5201, 22.8305, 3.50896, 0, 0
57.5234, 22.8305, 3.50896, 0, 0
57.5268, 22.8305, 3.50896, 0, 0
57.5301, 22.8305, 3.50896, 0, 0
57.5334, 22.8305, 3.50896, 0, 0
57.5368, 22.8305, 3.50896, 0, 0
57.5401, 22.8305, 3.50896, 0, 0
57.5434, 22.8305, 3.50896, 0, 0
57.5468, 22.8305, 3.50896, 0, 0
57.5501, 22.8305, 3.50896, 0, 0
57.5534, 22.8305, 3.50896, 0, 0
57.5568, 22.8305, 3.50896, 0, 0
57.5601, 22.8305, 3.50896, 0, 0
57.5634, 22.8305, 3.50896, 0, 0
57.5668, 22.8305, 3.50896, 0, 0
57.5701, 22.8305, 3.50896, 0, 0
57.5735, 22.8305, 3.50896, 0, 0
57.5768, 22.8305, 3.50896, 0, 0
57.5801, 22.8305, 3.50896, 0, 0
57.5835, 22.8305, 3.50896, 0, 0
57.5868, 22.8305, 3.50896, 0, 0
57.5901, 22.8305, 3.50896, 0, 0
57.5935, 22.8305, 3.50896, 0, 0
57.5968, 22.8305, 3.50896, 0, 0
57.6001, 22.8305, 3.50896, 0, 0
57.6035, 22.8305, 3.50896, 0, 0
57.6068, 22.8305, 3.50896, 0, 0
57.6101, 22.8305, 3.50896, 0, 0
57.6135, 22.8305, 3.50896, 0, 0
57.6168, 22.8305, 3.50896, 0, 0
57.6202, 22.8305, 3.50896, 0, 0
57.6235, 22.8305, 3.50896, 0, 0
57.6268, 22.8305, 3.50896, 0, 0
57.6301, 22.8305, 3.50896, 0, 0
57.6335, 22.8305, 3.50896, 0, 0
57.6368, 22.8305, 3.50896, 0, 0
57.6401, 22.8305, 3.50896, 0, 0
57.6435, 22.8305, 3.50896, 0, 0
57.6468, 22.8305, 3.50896, 0, 0
57.6502, 22.8305, 3.50896, 0, 0
57.6534, 22.8305, 3.50896, 0, 0
57.6568, 22.8305, 3.50896, 0, 0
57.6601, 22.8305, 3.50896, 0, 0
57.6635, 22.8305, 3.50896, 0, 0
57.6668, 22.8305, 3.50896, 0, 0
57.6701, 22.8305, 3.50896, 0, 0
57.6735, 22.8305, 3.50896, 0, 0
57.6768, 22.8305, 3.50896, 0, 0
57.6801, 22.8305, 3.50896, 0, 0
57.6835, 22.8305, 3.50896, 0, 0
57.6868, 22.8305, 3.50896, 0, 0
57.6901, 22.8305, 3.50896, 0, 0
57.6935, 22.8305, 3.50896, 0, 0
57.6968, 22.8305, 3.50896, 0, 0
57.7001, 22.8305, 3.50896, 0, 0
57.7035, 22.8305, 3.50896, 0, 0
57.7068, 22.8305, 3.50896, 0, 0
57.7101, 22.8305, 3.50896, 0, 0
57.7134, 22.8305, 3.50896, 0, 0
57.7168, 22.8305, 3.50896, 0, 0
57.7201, 22.8305, 3.50896, 0, 0
57.7234, 22.8305, 3.50896, 0, 0
57.7268, 22.8305, 3.50896, 0, 0
57.7302, 22.8305, 3.50896, 0, 0
57.7334, 22.8305, 3.50896, 0, 0
57.7367, 22.8305, 3.50896, 0, 0
57.7401, 22.8305, 3.50896, 0, 0
57.7434, 22.8305, 3.50896, 0, 0
57.7467, 22.8305, 3.50896, 0, 0
57.7501, 22.8305, 3.50896, 0, 0
57.7534, 22.8305, 3.50896, 0, 0
57.7568, 22.8305, 3.50896, 0, 0
57.7601, 22.8305, 3.50896, 0, 0
57.7634, 22.8305, 3.50896, 0, 0
57.7668, 22.8305, 3.50896, 0, 0
57.7701, 22.8305, 3.50896, 0, 0
57.7734, 22.8305, 3.50896, 0, 0
57.7768, 22.8305, 3.50896, 0, 0
57.7801, 22.8305, 3.50896, 0, 0
57.7835, 22.8305, 3.50896, 0, 0
57.7868, 22.8305, 3.50896, 0, 0
57.7901, 22.8305, 3.50896, 0, 0
57.7944, 22.8305, 3.50896, 0, 0
57.7967, 22.8305, 3.50896, 0, 0
57.8001, 22.8305, 3.50896, 0, 0
57.8034, 22.8305, 3.50896, 0, 0
57.8068, 22.8305, 3.50896, 0, 0
57.8101, 22.8305, 3.50896, 0, 0
57.8134, 22.8305, 3.50896, 0, 0
57.8168, 22.8305, 3.50896, 0, 0
57.8201, 22.8305, 3.50896, 0, 0
57.8234, 22.8305, 3.50896, 0, 0
57.8268, 22.8305, 3.50896, 0, 0
57.8301, 22.8305, 3.50896, 0, 0
57.8334, 22.8305, 3.50896, 0, 0
57.8368, 22.8305, 3.50896, 0, 0
57.8401, 22.8305, 3.50896, 0, 0
57.8434, 22.8305, 3.50896, 0, 0
57.8468, 22.8305, 3.50896, 0, 0
57.8501, 22.8305, 3.50896, 0, 0
57.8535, 22.8305, 3.50896, 0, 0
57.8568, 22.8305, 3.50896, 0, 0
57.8601, 22.8305, 3.50896, 0, 0
57.8635, 22.8305, 3.50896, 0, 0
57.8667, 22.8305, 3.50896, 0, 0
57.8701, 22.8305, 3.50896, 0, 0
57.8734, 22.8305, 3.50896, 0, 0
57.8768, 22.8305, 3.50896, 0, 0
57.8801, 22.8305, 3.50896, 0, 0
57.8835, 22.8305, 3.50896, 0, 0
57.8868, 22.8305, 3.50896, 0, 0
57.8901, 22.8305, 3.50896, 0, 0
57.8935, 22.8305, 3.50896, 0, 0
57.8968, 22.8305, 3.50896, 0, 0
57.9001, 22.8305, 3.50896, 0, 0
57.9034, 22.8305, 3.50896, 0, 0
57.9067, 22.8305, 3.50896, 0, 0
57.9101, 22.8305, 3.50896, 0, 0
57.9135, 22.8305, 3.50896, 0, 0
57.9168, 22.8305, 3.50896, 0, 0
57.9201, 22.8305, 3.50896, 0, 0
57.9235, 22.8305, 3.50896, 0, 0
57.9268, 22.8305, 3.50896, 0, 0
57.9302, 22.8305, 3.50896, 0, 0
57.9335, 22.8305, 3.50896, 0, 0
57.9368, 22.8305, 3.50896, 0, 0
57.9401, 22.8305, 3.50896, 0, 0
57.9435, 22.8305, 3.50896, 0, 0
57.9468, 22.8305, 3.50896, 0, 0
57.9502, 22.8305, 3.50896, 0, 0
57.9535, 22.8305, 3.50896, 0, 0
57.9568, 22.8305, 3.50896, 0, 0
57.9602, 22.8305, 3.50896, 0, 0
57.9635, 22.8305, 3.50896, 0, 0
57.9668, 22.8305, 3.50896, 0, 0
57.9701, 22.8305, 3.50896, 0, 0
57.9734, 22.8305, 3.50896, 0, 0
57.9768, 22.8305, 3.50896, 0, 0
57.9801, 22.8305, 3.50896, 0, 0
57.9834, 22.8305, 3.50896, 0, 0
57.9868, 22.8305, 3.50896, 0, 0
57.9902, 22.8305, 3.50896, 0, 0
57.9935, 22.8305, 3.50896, 0, 0
57.9967, 22.8305, 3.50896, 0, 0
58.0001, 22.8305, 3.50896, 0, 0
58.0035, 22.8305, 3.50896, 0, 0
58.0067, 22.8305, 3.50896, 0, 0
58.0101, 22.8305, 3.50896, 0, 0
58.0135, 22.8305, 3.50896, 0, 0
58.0168, 22.8305, 3.50896, 0, 0
58.0201, 22.8305, 3.50896, 0, 0
58.0234, 22.8305, 3.50896, 0, 0
58.0268, 22.8305, 3.50896, 0, 0
58.0301, 22.8305, 3.50896, 0, 0
58.0334, 22.8305, 3.50896, 0, 0
58.0368, 22.8305, 3.50896, 0, 0
58.0401, 22.8305, 3.50896, 0, 0
58.0434, 22.8305, 3.50896, 0, 0
58.0468, 22.8305, 3.50896, 0, 0
58.0501, 22.8305, 3.50896, 0, 0
58.0535, 22.8305, 3.50896, 0, 0
58.0568, 22.8305, 3.50896, 0, 0
58.0601, 22.8305, 3.50896, 0, 0
58.0635, 22.8305, 3.50896, 0, 0
58.0667, 22.8305, 3.50896, 0, 0
58.0702, 22.8305, 3.50896, 0, 0
58.0735, 22.8305, 3.50896, 0, 0
58.0768, 22.8305, 3.50896, 0, 0
58.0802, 22.8305, 3.50896, 0, 0
58.0835, 22.8305, 3.50896, 0, 0
58.0868, 22.8305, 3.50896, 0, 0
58.0901, 22.8305, 3.50896, 0, 0
58.0934, 22.8305, 3.50896, 0, 0
58.0968, 22.8305, 3.50896, 0, 0
58.1001, 22.8305, 3.50896, 0, 0
58.1034, 22.8305, 3.50896, 0, 0
58.1067, 22.8305, 3.50896, 0, 0
58.1101, 22.8305, 3.50896, 0, 0
58.1135, 22.8305, 3.50896, 0, 0
58.1168, 22.8305, 3.50896, 0, 0
58.1201, 22.8305, 3.50896, 0, 0
58.1235, 22.8305, 3.50896, 0, 0
58.1267, 22.8305, 3.50896, 0, 0
58.1301, 22.8305, 3.50896, 0, 0
58.1334, 22.8305, 3.50896, 0, 0
58.1368, 22.8305, 3.50896, 0, 0
58.1401, 22.8305, 3.50896, 0, 0
58.1435, 22.8305, 3.50896, 0, 0
58.1468, 22.8305, 3.50896, 0, 0
58.1501, 22.8305, 3.50896, 0, 0
58.1535, 22.8305, 3.50896, 0, 0
58.1568, 22.8305, 3.50896, 0, 0
58.1601, 22.8305, 3.50896, 0, 0
58.1634, 22.8305, 3.50896, 0, 0
58.1667, 22.8305, 3.50896, 0, 0
58.1702, 22.8305, 3.50896, 0, 0
58.1734, 22.8305, 3.50896, 0, 0
58.1768, 22.8305, 3.50896, 0, 0
58.1801, 22.8305, 3.50896, 0, 0
58.1834, 22.8305, 3.50896, 0, 0
58.1867, 22.8305, 3.50896, 0, 0
58.1901, 22.8305, 3.50896, 0, 0
58.1935, 22.8305, 3.50896, 0, 0
58.1968, 22.8305, 3.50896, 0, 0
58.2001, 22.8305, 3.50896, 0, 0
58.2035, 22.8305, 3.50896, 0, 0
58.2067, 22.8305, 3.50896, 0, 0
58.2101, 22.8305, 3.50896, 0, 0
58.2134, 22.8305, 3.50896, 0, 0
58.2168, 22.8305, 3.50896, 0, 0
58.2201, 22.8305, 3.50896, 0, 0
58.2237, 22.8305, 3.50896, 0, 0
58.2267, 22.8305, 3.50896, 0, 0
58.2301, 22.8305, 3.50896, 0, 0
58.2334, 22.8305, 3.50896, 0, 0
58.2368, 22.8305, 3.50896, 0, 0
58.2401, 22.8305, 3.50896, 0, 0
58.2434, 22.8305, 3.50896, 0, 0
58.2468, 22.8305, 3.50896, 0, 0
58.2501, 22.8305, 3.50896, 0, 0
58.2534, 22.8305, 3.50896, 0, 0
58.2568, 22.8305, 3.50896, 0, 0
58.2601, 22.8305, 3.50896, 0, 0
58.2635, 22.8305, 3.50896, 0, 0
58.2667, 22.8305, 3.50896, 0, 0
58.2701, 22.8305, 3.50896, 0, 0
58.2734, 22.8305, 3.50896, 0, 0
58.2768, 22.8305, 3.50896, 0, 0
58.2802, 22.8305, 3.50896, 0, 0
58.2835, 22.8305, 3.50896, 0, 0
58.2867, 22.8305, 3.50896, 0, 0
58.2901, 22.8305, 3.50896, 0, 0
58.2934, 22.8305, 3.50896, 0, 0
58.2968, 22.8305, 3.50896, 0, 0
58.3001, 22.8305, 3.50896, 0, 0
58.3035, 22.8305, 3.50896, 0, 0
58.3068, 22.8305, 3.50896, 0, 0
58.3101, 22.8305, 3.50896, 0, 0
58.3135, 22.8305, 3.50896, 0, 0
58.3168, 22.8305, 3.50896, 0, 0
58.3201, 22.8305, 3.50896, 0, 0
58.3235, 22.8305, 3.50896, 0, 0
58.3268, 22.8305, 3.50896, 0, 0
58.3301, 22.8305, 3.50896, 0, 0
58.3334, 22.8305, 3.50896, 0, 0
58.3368, 22.8305, 3.50896, 0, 0
58.3402, 22.8305, 3.50896, 0, 0
58.3435, 22.8305, 3.50896, 0, 0
58.3468, 22.8305, 3.50896, 0, 0
58.3501, 22.8305, 3.50896, 0, 0
58.3535, 22.8305, 3.50896, 0, 0
58.3568, 22.8305, 3.50896, 0, 0
58.3601, 22.8305, 3.50896, 0, 0
58.3635, 22.8305, 3.50896, 0, 0
58.3667, 22.8305, 3.50896, 0, 0
58.3702, 22.8305, 3.50896, 0, 0
58.3735, 22.8305, 3.50896, 0, 0
58.3768, 22.8305, 3.50896, 0, 0
58.3801, 22.8305, 3.50896, 0, 0
58.3834, 22.8305, 3.50896, 0, 0
58.3868, 22.8305, 3.50896, 0, 0
58.3902, 22.8305, 3.50896, 0, 0
58.3934, 22.8305, 3.50896, 0, 0
58.3968, 22.8305, 3.50896, 0, 0
58.4001, 22.8305, 3.50896, 0, 0
58.4034, 22.8305, 3.50896, 0, 0
58.4067, 22.8305, 3.50896, 0, 0
58.4101, 22.8305, 3.50896, 0, 0
58.4134, 22.8305, 3.50896, 0, 0
58.4168, 22.8305, 3.50896, 0, 0
58.4201, 22.8305, 3.50896, 0, 0
58.4235, 22.8305, 3.50896, 0, 0
58.4268, 22.8305, 3.50896, 0, 0
58.4301, 22.8305, 3.50896, 0, 0
58.4334, 22.8305, 3.50896, 0, 0
58.4368, 22.8305, 3.50896, 0, 0
58.4402, 22.8305, 3.50896, 0, 0
58.4434, 22.8305, 3.50896, 0, 0
58.4468, 22.8305, 3.50896, 0, 0
58.4501, 22.8305, 3.50896, 0, 0
58.4535, 22.8305, 3.50896, 0, 0
58.4568, 22.8305, 3.50896, 0, 0
58.4601, 22.8305, 3.50896, 0, 0
58.4634, 22.8305, 3.50896, 0, 0
58.4668, 22.8305, 3.50896, 0, 0
58.4701, 22.8305, 3.50896, 0, 0
58.4734, 22.8305, 3.50896, 0, 0
58.4768, 22.8305, 3.50896, 0, 0
58.4801, 22.8305, 3.50896, 0, 0
58.4834, 22.8305, 3.50896, 0, 0
58.4868, 22.8305, 3.50896, 0, 0
58.4901, 22.8305, 3.50896, 0, 0
58.4935, 22.8305, 3.50896, 0, 0
58.4968, 22.8305, 3.50896, 0, 0
58.5001, 22.8305, 3.50896, 0, 0
58.5034, 22.8305, 3.50896, 0, 0
58.5067, 22.8305, 3.50896, 0, 0
58.5102, 22.8305, 3.50896, 0, 0
58.5135, 22.8305, 3.50896, 0, 0
58.5168, 22.8305, 3.50896, 0, 0
58.5201, 22.8305, 3.50896, 0, 0
58.5234, 22.8305, 3.50896, 0, 0
58.5268, 22.8305, 3.50896, 0, 0
58.5301, 22.8305, 3.50896, 0, 0
58.5334, 22.8305, 3.50896, 0, 0
58.5368, 22.8305, 3.50896, 0, 0
58.5401, 22.8305, 3.50896, 0, 0
58.5434, 22.8305, 3.50896, 0, 0
58.5467, 22.8305, 3.50896, 0, 0
58.5501, 22.8305, 3.50896, 0, 0
58.5534, 22.8305, 3.50896, 0, 0
58.5568, 22.8305, 3.50896, 0, 0
58.5601, 22.8305, 3.50896, 0, 0
58.5634, 22.8305, 3.50896, 0, 0
58.5668, 22.8305, 3.50896, 0, 0
58.5701, 22.8305, 3.50896, 0, 0
58.5734, 22.8305, 3.50896, 0, 0
58.5768, 22.8305, 3.50896, 0, 0
58.5801, 22.8305, 3.50896, 0, 0
58.5834, 22.8305, 3.50896, 0, 0
58.5867, 22.8305, 3.50896, 0, 0
58.5901, 22.8305, 3.50896, 0, 0
58.5934, 22.8305, 3.50896, 0, 0
58.5968, 22.8305, 3.50896, 0, 0
58.6001, 22.8305, 3.50896, 0, 0
58.6034, 22.8305, 3.50896, 0, 0
58.6068, 22.8305, 3.50896, 0, 0
58.6101, 22.8305, 3.50896, 0, 0
58.6134, 22.8305, 3.50896, 0, 0
58.6168, 22.8305, 3.50896, 0, 0
58.6201, 22.8305, 3.50896, 0, 0
58.6234, 22.8305, 3.50896, 0, 0
58.6268, 22.8305, 3.50896, 0, 0
58.6301, 22.8305, 3.50896, 0, 0
58.6334, 22.8305, 3.50896, 0, 0
58.6368, 22.8305, 3.50896, 0, 0
58.6401, 22.8305, 3.50896, 0, 0
58.6434, 22.8305, 3.50896, 0, 0
58.6468, 22.8305, 3.50896, 0, 0
58.6501, 22.8305, 3.50896, 0, 0
58.6534, 22.8305, 3.50896, 0, 0
58.6568, 22.8305, 3.50896, 0, 0
58.6601, 22.8305, 3.50896, 0, 0
58.6634, 22.8305, 3.50896, 0, 0
58.6667, 22.8305, 3.50896, 0, 0
58.6701, 22.8305, 3.50896, 0, 0
58.6734, 22.8305, 3.50896, 0, 0
58.6768, 22.8305, 3.50896, 0, 0
58.6801, 22.8305, 3.50896, 0, 0
58.6834, 22.8305, 3.50896, 0, 0
58.6868, 22.8305, 3.50896, 0, 0
58.6901, 22.8305, 3.50896, 0, 0
58.6934, 22.8305, 3.50896, 0, 0
58.6967, 22.8305, 3.50896, 0, 0
58.7001, 22.8305, 3.50896, 0, 0
58.7034, 22.8305, 3.50896, 0, 0
58.7067, 22.8305, 3.50896, 0, 0
58.7101, 22.8305, 3.50896, 0, 0
58.7134, 22.8305, 3.50896, 0, 0
58.7168, 22.8305, 3.50896, 0, 0
58.7201, 22.8305, 3.50896, 0, 0
58.7234, 22.8305, 3.50896, 0, 0
58.7268, 22.8305, 3.50896, 0, 0
58.7302, 22.8305, 3.50896, 0, 0
58.7335, 22.8305, 3.50896, 0, 0
58.7368, 22.8305, 3.50896, 0, 0
58.7401, 22.8305, 3.50896, 0, 0
58.7434, 22.8305, 3.50896, 0, 0
58.7467, 22.8305, 3.50896, 0, 0
58.7501, 22.8305, 3.50896, 0, 0
58.7534, 22.8305, 3.50896, 0, 0
58.7568, 22.8305, 3.50896, 0, 0
58.7601, 22.8305, 3.50896, 0, 0
58.7634, 22.8305, 3.50896, 0, 0
58.7668, 22.8305, 3.50896, 0, 0
58.7701, 22.8305, 3.50896, 0, 0
58.7734, 22.8305, 3.50896, 0, 0
58.7768, 22.8305, 3.50896, 0, 0
58.7801, 22.8305, 3.50896, 0, 0
58.7837, 22.8305, 3.50896, 0, 0
58.7868, 22.8305, 3.50896, 0, 0
58.7901, 22.8305, 3.50896, 0, 0
58.7934, 22.8305, 3.50896, 0, 0
58.7968, 22.8305, 3.50896, 0, 0
58.8001, 22.8305, 3.50896, 0, 0
58.8034, 22.8305, 3.50896, 0, 0
58.8067, 22.8305, 3.50896, 0, 0
58.8101, 22.8305, 3.50896, 0, 0
58.8134, 22.8305, 3.50896, 0, 0
58.8168, 22.8305, 3.50896, 0, 0
58.8201, 22.8305, 3.50896, 0, 0
58.8234, 22.8305, 3.50896, 0, 0
58.8268, 22.8305, 3.50896, 0, 0
58.8302, 22.8305, 3.50896, 0, 0
58.8335, 22.8305, 3.50896, 0, 0
58.8368, 22.8305, 3.50896, 0, 0
58.8401, 22.8305, 3.50896, 0, 0
58.8434, 22.8305, 3.50896, 0, 0
58.8467, 22.8305, 3.50896, 0, 0
58.8501, 22.8305, 3.50896, 0, 0
58.8535, 22.8305, 3.50896, 0, 0
58.8568, 22.8305, 3.50896, 0, 0
58.8601, 22.8305, 3.50896, 0, 0
58.8635, 22.8305, 3.50896, 0, 0
58.8667, 22.8305, 3.50896, 0, 0
58.8701, 22.8305, 3.50896, 0, 0
58.8734, 22.8305, 3.50896, 0, 0
58.8768, 22.8305, 3.50896, 0, 0
58.8801, 22.8305, 3.50896, 0, 0
58.8835, 22.8305, 3.50896, 0, 0
58.8868, 22.8305, 3.50896, 0, 0
58.8901, 22.8305, 3.50896, 0, 0
58.8935, 22.8305, 3.50896, 0, 0
58.8968, 22.8305, 3.50896, 0, 0
58.9001, 22.8305, 3.50896, 0, 0
58.9034, 22.8305, 3.50896, 0, 0
58.9067, 22.8305, 3.50896, 0, 0
58.9101, 22.8305, 3.50896, 0, 0
58.9135, 22.8305, 3.50896, 0, 0
58.9168, 22.8305, 3.50896, 0, 0
58.9202, 22.8305, 3.50896, 0, 0
58.9235, 22.8305, 3.50896, 0, 0
58.9268, 22.8305, 3.50896, 0, 0
58.9302, 22.8305, 3.50896, 0, 0
58.9335, 22.8305, 3.50896, 0, 0
58.9368, 22.8305, 3.50896, 0, 0
58.9401, 22.8305, 3.50896, 0, 0
58.9435, 22.8305, 3.50896, 0, 0
58.9468, 22.8305, 3.50896, 0, 0
58.9501, 22.8305, 3.50896, 0, 0
58.9535, 22.8305, 3.50896, 0, 0
58.9568, 22.8305, 3.50896, 0, 0
58.9601, 22.8305, 3.50896, 0, 0
58.9635, 22.8305, 3.50896, 0, 0
58.9667, 22.8305, 3.50896, 0, 0
58.9701, 22.8305, 3.50896, 0, 0
58.9734, 22.8305, 3.50896, 0, 0
58.9768, 22.8305, 3.50896, 0, 0
58.9801, 22.8305, 3.50896, 0, 0
58.9834, 22.8305, 3.50896, 0, 0
58.9868, 22.8305, 3.50896, 0, 0
58.9901, 22.8305, 3.50896, 0, 0
58.9934, 22.8305, 3.50896, 0, 0
58.9968, 22.8305, 3.50896, 0, 0
59.0001, 22.8305, 3.50896, 0, 0
59.0034, 22.8305, 3.50896, 0, 0
59.0067, 22.8305, 3.50896, 0, 0
59.0101, 22.8305, 3.50896, 0, 0
59.0135, 22.8305, 3.50896, 0, 0
59.0168, 22.8305, 3.50896, 0, 0
59.0201, 22.8305, 3.50896, 0, 0
59.0234, 22.8305, 3.50896, 0, 0
59.0268, 22.8305, 3.50896, 0, 0
59.0302, 22.8305, 3.50896, 0, 0
59.0334, 22.8305, 3.50896, 0, 0
59.0368, 22.8305, 3.50896, 0, 0
59.0402, 22.8305, 3.50896, 0, 0
59.0434, 22.8305, 3.50896, 0, 0
59.0467, 22.8305, 3.50896, 0, 0
59.0504, 22.8305, 3.50896, 0, 0
59.0534, 22.8305, 3.50896, 0, 0
59.0568, 22.8305, 3.50896, 0, 0
59.0601, 22.8305, 3.50896, 0, 0
59.0635, 22.8305, 3.50896, 0, 0
59.0668, 22.8305, 3.50896, 0, 0
59.0701, 22.8305, 3.50896, 0, 0
59.0734, 22.8305, 3.50896, 0, 0
59.0768, 22.8305, 3.50896, 0, 0
59.0801, 22.8305, 3.50896, 0, 0
59.0834, 22.8305, 3.50896, 0, 0
59.0868, 22.8305, 3.50896, 0, 0
59.0901, 22.8305, 3.50896, 0, 0
59.0935, 22.8305, 3.50896, 0, 0
59.0968, 22.8305, 3.50896, 0, 0
59.1001, 22.8305, 3.50896, 0, 0
59.1035, 22.8305, 3.50896, 0, 0
59.1068, 22.8305, 3.50896, 0, 0
59.1101, 22.8305, 3.50896, 0, 0
59.1135, 22.8305, 3.50896, 0, 0
59.1168, 22.8305, 3.50896, 0, 0
59.1201, 22.8305, 3.50896, 0, 0
59.1234, 22.8305, 3.50896, 0, 0
59.1268, 22.8305, 3.50896, 0, 0
59.1302, 22.8305, 3.50896, 0, 0
59.1334, 22.8305, 3.50896, 0, 0
59.1368, 22.8305, 3.50896, 0, 0
59.1402, 22.8305, 3.50896, 0, 0
59.1435, 22.8305, 3.50896, 0, 0
59.1467, 22.8305, 3.50896, 0, 0
59.1501, 22.8305, 3.50896, 0, 0
59.1534, 22.8305, 3.50896, 0, 0
59.1568, 22.8305, 3.50896, 0, 0
59.1602, 22.8305, 3.50896, 0, 0
59.1635, 22.8305, 3.50896, 0, 0
59.1668, 22.8305, 3.50896, 0, 0
59.1701, 22.8305, 3.50896, 0, 0
59.1735, 22.8305, 3.50896, 0, 0
59.1768, 22.8305, 3.50896, 0, 0
59.1801, 22.8305, 3.50896, 0, 0
59.1834, 22.8305, 3.50896, 0, 0
59.1868, 22.8305, 3.50896, 0, 0
59.1901, 22.8305, 3.50896, 0, 0
59.1935, 22.8305, 3.50896, 0, 0
59.1968, 22.8305, 3.50896, 0, 0
59.2001, 22.8305, 3.50896, 0, 0
59.2035, 22.8305, 3.50896, 0, 0
59.2068, 22.8305, 3.50896, 0, 0
59.2101, 22.8305, 3.50896, 0, 0
59.2135, 22.8305, 3.50896, 0, 0
59.2168, 22.8305, 3.50896, 0, 0
59.2201, 22.8305, 3.50896, 0, 0
59.2234, 22.8305, 3.50896, 0, 0
59.2268, 22.8305, 3.50896, 0, 0
59.2301, 22.8305, 3.50896, 0, 0
59.2334, 22.8305, 3.50896, 0, 0
59.2368, 22.8305, 3.50896, 0, 0
59.2402, 22.8305, 3.50896, 0, 0
59.2435, 22.8305, 3.50896, 0, 0
59.2468, 22.8305, 3.50896, 0, 0
59.2501, 22.8305, 3.50896, 0, 0
59.2534, 22.8305, 3.50896, 0, 0
59.2568, 22.8305, 3.50896, 0, 0
59.2601, 22.8305, 3.50896, 0, 0
59.2634, 22.8305, 3.50896, 0, 0
59.2668, 22.8305, 3.50896, 0, 0
59.2701, 22.8305, 3.50896, 0, 0
59.2734, 22.8305, 3.50896, 0, 0
59.2768, 22.8305, 3.50896, 0, 0
59.2801, 22.8305, 3.50896, 0, 0
59.2835, 22.8305, 3.50896, 0, 0
59.2868, 22.8305, 3.50896, 0, 0
59.2901, 22.8305, 3.50896, 0, 0
59.2935, 22.8305, 3.50896, 0, 0
59.2968, 22.8305, 3.50896, 0, 0
59.3001, 22.8305, 3.50896, 0, 0
59.3034, 22.8305, 3.50896, 0, 0
59.3068, 22.8305, 3.50896, 0, 0
59.3101, 22.8305, 3.50896, 0, 0
59.3134, 22.8305, 3.50896, 0, 0
59.3168, 22.8305, 3.50896, 0, 0
59.3201, 22.8305, 3.50896, 0, 0
59.3234, 22.8305, 3.50896, 0, 0
59.3268, 22.8305, 3.50896, 0, 0
59.3301, 22.8305, 3.50896, 0, 0
59.3334, 22.8305, 3.50896, 0, 0
59.3368, 22.8305, 3.50896, 0, 0
59.3401, 22.8305, 3.50896, 0, 0
59.3435, 22.8305, 3.50896, 0, 0
59.3468, 22.8305, 3.50896, 0, 0
59.3502, 22.8305, 3.50896, 0, 0
59.3534, 22.8305, 3.50896, 0, 0
59.3567, 22.8305, 3.50896, 0, 0
59.3601, 22.8305, 3.50896, 0, 0
59.3635, 22.8305, 3.50896, 0, 0
59.3668, 22.8305, 3.50896, 0, 0
59.3701, 22.8305, 3.50896, 0, 0
59.3734, 22.8305, 3.50896, 0, 0
59.3768, 22.8305, 3.50896, 0, 0
59.3801, 22.8305, 3.50896, 0, 0
59.3835, 22.8305, 3.50896, 0, 0
59.3868, 22.8305, 3.50896, 0, 0
59.3901, 22.8305, 3.50896, 0, 0
59.3935, 22.8305, 3.50896, 0, 0
59.3968, 22.8305, 3.50896, 0, 0
59.4001, 22.8305, 3.50896, 0, 0
59.4034, 22.8305, 3.50896, 0, 0
59.4068, 22.8305, 3.50896, 0, 0
59.4101, 22.8305, 3.50896, 0, 0
59.4135, 22.8305, 3.50896, 0, 0
59.4168, 22.8305, 3.50896, 0, 0
59.4201, 22.8305, 3.50896, 0, 0
59.4235, 22.8305, 3.50896, 0, 0
59.4268, 22.8305, 3.50896, 0, 0
59.4301, 22.8305, 3.50896, 0, 0
59.4334, 22.8305, 3.50896, 0, 0
59.4368, 22.8305, 3.50896, 0, 0
59.4401, 22.8305, 3.50896, 0, 0
59.4434, 22.8305, 3.50896, 0, 0
59.4468, 22.8305, 3.50896, 0, 0
59.4501, 22.8305, 3.50896, 0, 0
59.4534, 22.8305, 3.50896, 0, 0
59.4568, 22.8305, 3.50896, 0, 0
59.4601, 22.8305, 3.50896, 0, 0
59.4634, 22.8305, 3.50896, 0, 0
59.4668, 22.8305, 3.50896, 0, 0
59.4701, 22.8305, 3.50896, 0, 0
59.4735, 22.8305, 3.50896, 0, 0
59.4768, 22.8305, 3.50896, 0, 0
59.4801, 22.8305, 3.50896, 0, 0
59.4834, 22.8305, 3.50896, 0, 0
59.4868, 22.8305, 3.50896, 0, 0
59.4901, 22.8305, 3.50896, 0, 0
59.4934, 22.8305, 3.50896, 0, 0
59.4967, 22.8305, 3.50896, 0, 0
59.5001, 22.8305, 3.50896, 0, 0
59.5034, 22.8305, 3.50896, 0, 0
59.5068, 22.8305, 3.50896, 0, 0
59.5101, 22.8305, 3.50896, 0, 0
59.5135, 22.8305, 3.50896, 0, 0
59.5168, 22.8305, 3.50896, 0, 0
59.5201, 22.8305, 3.50896, 0, 0
59.5235, 22.8305, 3.50896, 0, 0
59.5268, 22.8305, 3.50896, 0, 0
59.5301, 22.8305, 3.50896, 0, 0
59.5335, 22.8305, 3.50896, 0, 0
59.5368, 22.8305, 3.50896, 0, 0
59.5401, 22.8305, 3.50896, 0, 0
59.5434, 22.8305, 3.50896, 0, 0
59.5468, 22.8305, 3.50896, 0, 0
59.5501, 22.8305, 3.50896, 0, 0
59.5534, 22.8305, 3.50896, 0, 0
59.5568, 22.8305, 3.50896, 0, 0
59.5602, 22.8305, 3.50896, 0, 0
59.5634, 22.8305, 3.50896, 0, 0
59.5668, 22.8305, 3.50896, 0, 0
59.5701, 22.8305, 3.50896, 0, 0
59.5734, 22.8305, 3.50896, 0, 0
59.5768, 22.8305, 3.50896, 0, 0
59.5801, 22.8305, 3.50896, 0, 0
59.5834, 22.8305, 3.50896, 0, 0
59.5868, 22.8305, 3.50896, 0, 0
59.5901, 22.8305, 3.50896, 0, 0
59.5935, 22.8305, 3.50896, 0, 0
59.5968, 22.8305, 3.50896, 0, 0
59.6001, 22.8305, 3.50896, 0, 0
59.6034, 22.8305, 3.50896, 0, 0
59.6068, 22.8305, 3.50896, 0, 0
59.6101, 22.8305, 3.50896, 0, 0
59.6135, 22.8305, 3.50896, 0, 0
59.6168, 22.8305, 3.50896, 0, 0
59.6201, 22.8305, 3.50896, 0, 0
59.6234, 22.8305, 3.50896, 0, 0
59.6268, 22.8305, 3.50896, 0, 0
59.6301, 22.8305, 3.50896, 0, 0
59.6334, 22.8305, 3.50896, 0, 0
59.6368, 22.8305, 3.50896, 0, 0
59.6401, 22.8305, 3.50896, 0, 0
59.6434, 22.8305, 3.50896, 0, 0
59.6468, 22.8305, 3.50896, 0, 0
59.6501, 22.8305, 3.50896, 0, 0
59.6534, 22.8305, 3.50896, 0, 0
59.6568, 22.8305, 3.50896, 0, 0
59.6601, 22.8305, 3.50896, 0, 0
59.6634, 22.8305, 3.50896, 0, 0
59.6668, 22.8305, 3.50896, 0, 0
59.6701, 22.8305, 3.50896, 0, 0
59.6734, 22.8305, 3.50896, 0, 0
59.6767, 22.8305, 3.50896, 0, 0
59.6801, 22.8305, 3.50896, 0, 0
59.6834, 22.8305, 3.50896, 0, 0
59.6868, 22.8305, 3.50896, 0, 0
59.6901, 22.8305, 3.50896, 0, 0
59.6934, 22.8305, 3.50896, 0, 0
59.6968, 22.8305, 3.50896, 0, 0
59.7001, 22.8305, 3.50896, 0, 0
59.7035, 22.8305, 3.50896, 0, 0
59.7067, 22.8305, 3.50896, 0, 0
59.7106, 22.8305, 3.50896, 0, 0
59.7136, 22.8305, 3.50896, 0, 0
59.7167, 22.8305, 3.50896, 0, 0
59.7201, 22.8305, 3.50896, 0, 0
59.7234, 22.8305, 3.50896, 0, 0
59.7267, 22.8305, 3.50896, 0, 0
59.7301, 22.8305, 3.50896, 0, 0
59.7334, 22.8305, 3.50896, 0, 0
59.7368, 22.8305, 3.50896, 0, 0
59.7401, 22.8305, 3.50896, 0, 0
59.7434, 22.8305, 3.50896, 0, 0
59.7468, 22.8305, 3.50896, 0, 0
59.7501, 22.8305, 3.50896, 0, 0
59.7534, 22.8305, 3.50896, 0, 0
59.7568, 22.8305, 3.50896, 0, 0
59.7601, 22.8305, 3.50896, 0, 0
59.7635, 22.8305, 3.50896, 0, 0
59.7668, 22.8305, 3.50896, 0, 0
59.7701, 22.8305, 3.50896, 0, 0
59.7734, 22.8305, 3.50896, 0, 0
59.7768, 22.8305, 3.50896, 0, 0
59.7801, 22.8305, 3.50896, 0, 0
59.7834, 22.8305, 3.50896, 0, 0
59.7868, 22.8305, 3.50896, 0, 0
59.7902, 22.8305, 3.50896, 0, 0
59.7935, 22.8305, 3.50896, 0, 0
59.7967, 22.8305, 3.50896, 0, 0
59.8001, 22.8305, 3.50896, 0, 0
59.8034, 22.8305, 3.50896, 0, 0
59.8067, 22.8305, 3.50896, 0, 0
59.8101, 22.8305, 3.50896, 0, 0
59.8135, 22.8305, 3.50896, 0, 0
59.8168, 22.8305, 3.50896, 0, 0
59.8201, 22.8305, 3.50896, 0, 0
59.8235, 22.8305, 3.50896, 0, 0
59.8267, 22.8305, 3.50896, 0, 0
59.8301, 22.8305, 3.50896, 0, 0
59.8334, 22.8305, 3.50896, 0, 0
59.8368, 22.8305, 3.50896, 0, 0
59.8401, 22.8305, 3.50896, 0, 0
59.8434, 22.8305, 3.50896, 0, 0
59.8468, 22.8305, 3.50896, 0, 0
59.8501, 22.8305, 3.50896, 0, 0
59.8535, 22.8305, 3.50896, 0, 0
59.8568, 22.8305, 3.50896, 0, 0
59.8601, 22.8305, 3.50896, 0, 0
59.8635, 22.8305, 3.50896, 0, 0
59.8668, 22.8305, 3.50896, 0, 0
59.8701, 22.8305, 3.50896, 0, 0
59.8735, 22.8305, 3.50896, 0, 0
59.8768, 22.8305, 3.50896, 0, 0
59.8802, 22.8305, 3.50896, 0, 0
59.8835, 22.8305, 3.50896, 0, 0
59.8868, 22.8305, 3.50896, 0, 0
59.8902, 22.8305, 3.50896, 0, 0
59.8935, 22.8305, 3.50896, 0, 0
59.8968, 22.8305, 3.50896, 0, 0
59.9002, 22.8305, 3.50896, 0, 0
59.9034, 22.8305, 3.50896, 0, 0
59.9068, 22.8305, 3.50896, 0, 0
59.9102, 22.8305, 3.50896, 0, 0
59.9135, 22.8305, 3.50896, 0, 0
59.9168, 22.8305, 3.50896, 0, 0
59.9201, 22.8305, 3.50896, 0, 0
59.9235, 22.8305, 3.50896, 0, 0
59.9268, 22.8305, 3.50896, 0, 0
59.9301, 22.8305, 3.50896, 0, 0
59.9335, 22.8305, 3.50896, 0, 0
59.9368, 22.8305, 3.50896, 0, 0
59.9401, 22.8305, 3.50896, 0, 0
59.9435, 22.8305, 3.50896, 0, 0
59.9467, 22.8305, 3.50896, 0, 0
59.9501, 22.8305, 3.50896, 0, 0
59.9534, 22.8305, 3.50896, 0, 0
59.9568, 22.8305, 3.50896, 0, 0
59.9601, 22.8305, 3.50896, 0, 0
59.9634, 22.8305, 3.50896, 0, 0
59.9668, 22.8305, 3.50896, 0, 0
59.9701, 22.8305, 3.50896, 0, 0
59.9734, 22.8305, 3.50896, 0, 0
59.9768, 22.8305, 3.50896, 0, 0
59.9801, 22.8305, 3.50896, 0, 0
59.9834, 22.8305, 3.50896, 0, 0
59.9868, 22.8305, 3.50896, 0, 0
59.9901, 22.8305, 3.50896, 0, 0
59.9934, 22.8305, 3.50896, 0, 0
59.9967, 22.8305, 3.50896, 0, 0
60.0001, 22.8305, 3.50896, 0, 0
60.0034, 22.8305, 3.50896, 0, 0
60.0068, 22.8305, 3.50896, 0, 0
60.0102, 22.8305, 3.50896, 0, 0
60.0134, 22.8305, 3.50896, 0, 0
60.0168, 22.8305, 3.50896, 0, 0
60.0201, 22.8305, 3.50896, 0, 0
60.0234, 22.8305, 3.50896, 0, 0
60.0267, 22.8305, 3.50896, 0, 0
60.0302, 22.8305, 3.50896, 0, 0
60.0334, 22.8305, 3.50896, 0, 0
60.0368, 22.8305, 3.50896, 0, 0
60.0401, 22.8305, 3.50896, 0, 0
60.0435, 22.8305, 3.50896, 0, 0
60.0468, 22.8305, 3.50896, 0, 0
60.0501, 22.8305, 3.50896, 0, 0
60.0534, 22.8305, 3.50896, 0, 0
60.0568, 22.8305, 3.50896, 0, 0
60.0601, 22.8305, 3.50896, 0, 0
60.0634, 22.8305, 3.50896, 0, 0
60.0668, 22.8305, 3.50896, 0, 0
60.0701, 22.8305, 3.50896, 0, 0
60.0734, 22.8305, 3.50896, 0, 0
60.0768, 22.8305, 3.50896, 0, 0
60.0802, 22.8305, 3.50896, 0, 0
60.0834, 22.8305, 3.50896, 0, 0
60.0868, 22.8305, 3.50896, 0, 0
60.0901, 22.8305, 3.50896, 0, 0
60.0935, 22.8305, 3.50896, 0, 0
60.0968, 22.8305, 3.50896, 0, 0
60.1002, 22.8305, 3.50896, 0, 0
60.1034, 22.8305, 3.50896, 0, 0
60.1068, 22.8305, 3.50896, 0, 0
60.1102, 22.8305, 3.50896, 0, 0
60.1135, 22.8305, 3.50896, 0, 0
60.1168, 22.8305, 3.50896, 0, 0
60.1202, 22.8305, 3.50896, 0, 0
60.1235, 22.8305, 3.50896, 0, 0
60.1268, 22.8305, 3.50896, 0, 0
60.1301, 22.8305, 3.50896, 0, 0
60.1335, 22.8305, 3.50896, 0, 0
60.1368, 22.8305, 3.50896, 0, 0
60.1401, 22.8305, 3.50896, 0, 0
60.1435, 22.8305, 3.50896, 0, 0
60.1468, 22.8305, 3.50896, 0, 0
60.1501, 22.8305, 3.50896, 0, 0
60.1535, 22.8305, 3.50896, 0, 0
60.1568, 22.8305, 3.50896, 0, 0
60.1601, 22.8305, 3.50896, 0, 0
60.1634, 22.8305, 3.50896, 0, 0
60.1668, 22.8305, 3.50896, 0, 0
60.1701, 22.8305, 3.50896, 0, 0
60.1735, 22.8305, 3.50896, 0, 0
60.1767, 22.8305, 3.50896, 0, 0
60.1801, 22.8305, 3.50896, 0, 0
60.1834, 22.8305, 3.50896, 0, 0
60.1868, 22.8305, 3.50896, 0, 0
60.1901, 22.8305, 3.50896, 0, 0
60.1934, 22.8305, 3.50896, 0, 0
60.1968, 22.8305, 3.50896, 0, 0
60.2002, 22.8305, 3.50896, 0, 0
60.2035, 22.8305, 3.50896, 0, 0
60.2067, 22.8305, 3.50896, 0, 0
60.2102, 22.8305, 3.50896, 0, 0
60.2135, 22.8305, 3.50896, 0, 0
60.2168, 22.8305, 3.50896, 0, 0
60.2202, 22.8305, 3.50896, 0, 0
60.2235, 22.8305, 3.50896, 0, 0
60.2268, 22.8305, 3.50896, 0, 0
60.2301, 22.8305, 3.50896, 0, 0
60.2335, 22.8305, 3.50896, 0, 0
60.2368, 22.8305, 3.50896, 0, 0
60.2401, 22.8305, 3.50896, 0, 0
60.2434, 22.8305, 3.50896, 0, 0
60.2468, 22.8305, 3.50896, 0, 0
60.2501, 22.8305, 3.50896, 0, 0
60.2535, 22.8305, 3.50896, 0, 0
60.2568, 22.8305, 3.50896, 0, 0
60.2601, 22.8305, 3.50896, 0, 0
60.2635, 22.8305, 3.50896, 0, 0
60.2668, 22.8305, 3.50896, 0, 0
60.2701, 22.8305, 3.50896, 0, 0
60.2735, 22.8305, 3.50896, 0, 0
60.2768, 22.8305, 3.50896, 0, 0
60.2801, 22.8305, 3.50896, 0, 0
60.2834, 22.8305, 3.50896, 0, 0
60.2868, 22.8305, 3.50896, 0, 0
60.2901, 22.8305, 3.50896, 0, 0
60.2935, 22.8305, 3.50896, 0, 0
60.2968, 22.8305, 3.50896, 0, 0
60.3001, 22.8305, 3.50896, 0, 0
60.3034, 22.8305, 3.50896, 0, 0
60.3068, 22.8305, 3.50896, 0, 0
60.3102, 22.8305, 3.50896, 0, 0
60.3134, 22.8305, 3.50896, 0, 0
60.3167, 22.8305, 3.50896, 0, 0
60.3201, 22.8305, 3.50896, 0, 0
60.3234, 22.8305, 3.50896, 0, 0
60.3268, 22.8305, 3.50896, 0, 0
60.3301, 22.8305, 3.50896, 0, 0
60.3334, 22.8305, 3.50896, 0, 0
60.3368, 22.8305, 3.50896, 0, 0
60.3401, 22.8305, 3.50896, 0, 0
60.3434, 22.8305, 3.50896, 0, 0
60.3468, 22.8305, 3.50896, 0, 0
60.3501, 22.8305, 3.50896, 0, 0
60.3535, 22.8305, 3.50896, 0, 0
60.3568, 22.8305, 3.50896, 0, 0
60.3601, 22.8305, 3.50896, 0, 0
60.3634, 22.8305, 3.50896, 0, 0
60.3668, 22.8305, 3.50896, 0, 0
60.3701, 22.8305, 3.50896, 0, 0
60.3734, 22.8305, 3.50896, 0, 0
60.3768, 22.8305, 3.50896, 0, 0
60.3801, 22.8305, 3.50896, 0, 0
60.3834, 22.8305, 3.50896, 0, 0
60.3868, 22.8305, 3.50896, 0, 0
60.3901, 22.8305, 3.50896, 0, 0
60.3934, 22.8305, 3.50896, 0, 0
60.3968, 22.8305, 3.50896, 0, 0
60.4001, 22.8305, 3.50896, 0, 0
60.4035, 22.8305, 3.50896, 0, 0
60.4068, 22.8305, 3.50896, 0, 0
60.4101, 22.8305, 3.50896, 0, 0
60.4135, 22.8305, 3.50896, 0, 0
60.4168, 22.8305, 3.50896, 0, 0
60.4201, 22.8305, 3.50896, 0, 0
60.4235, 22.8305, 3.50896, 0, 0
60.4268, 22.8305, 3.50896, 0, 0
60.4302, 22.8305, 3.50896, 0, 0
60.4334, 22.8305, 3.50896, 0, 0
60.4368, 22.8305, 3.50896, 0, 0
60.4402, 22.8305, 3.50896, 0, 0
60.4434, 22.8305, 3.50896, 0, 0
60.4468, 22.8305, 3.50896, 0, 0
60.4501, 22.8305, 3.50896, 0, 0
60.4534, 22.8305, 3.50896, 0, 0
60.4568, 22.8305, 3.50896, 0, 0
60.4601, 22.8305, 3.50896, 0, 0
60.4635, 22.8305, 3.50896, 0, 0
60.4668, 22.8305, 3.50896, 0, 0
60.4701, 22.8305, 3.50896, 0, 0
60.4734, 22.8305, 3.50896, 0, 0
60.4768, 22.8305, 3.50896, 0, 0
60.4801, 22.8305, 3.50896, 0, 0
60.4834, 22.8305, 3.50896, 0, 0
60.4867, 22.8305, 3.50896, 0, 0
60.4901, 22.8305, 3.50896, 0, 0
60.4934, 22.8305, 3.50896, 0, 0
60.4968, 22.8305, 3.50896, 0, 0
60.5001, 22.8305, 3.50896, 0, 0
60.5034, 22.8305, 3.50896, 0, 0
60.5067, 22.8305, 3.50896, 0, 0
60.5101, 22.8305, 3.50896, 0, 0
60.5135, 22.8305, 3.50896, 0, 0
60.5168, 22.8305, 3.50896, 0, 0
60.5202, 22.8305, 3.50896, 0, 0
60.5234, 22.8305, 3.50896, 0, 0
60.5268, 22.8305, 3.50896, 0, 0
60.5302, 22.8305, 3.50896, 0, 0
60.5335, 22.8305, 3.50896, 0, 0
60.5368, 22.8305, 3.50896, 0, 0
60.5401, 22.8305, 3.50896, 0, 0
60.5434, 22.8305, 3.50896, 0, 0
60.5468, 22.8305, 3.50896, 0, 0
60.5501, 22.8305, 3.50896, 0, 0
60.5535, 22.8305, 3.50896, 0, 0
60.5568, 22.8305, 3.50896, 0, 0
60.5601, 22.8305, 3.50896, 0, 0
60.5635, 22.8305, 3.50896, 0, 0
60.5668, 22.8305, 3.50896, 0, 0
60.5701, 22.8305, 3.50896, 0, 0
60.5735, 22.8305, 3.50896, 0, 0
60.5768, 22.8305, 3.50896, 0, 0
60.5801, 22.8305, 3.50896, 0, 0
60.5834, 22.8305, 3.50896, 0, 0
60.5868, 22.8305, 3.50896, 0, 0
60.5901, 22.8305, 3.50896, 0, 0
60.5934, 22.8305, 3.50896, 0, 0
60.5968, 22.8305, 3.50896, 0, 0
60.6001, 22.8305, 3.50896, 0, 0
60.6034, 22.8305, 3.50896, 0, 0
60.6068, 22.8305, 3.50896, 0, 0
60.6101, 22.8305, 3.50896, 0, 0
60.6134, 22.8305, 3.50896, 0, 0
60.6168, 22.8305, 3.50896, 0, 0
60.6201, 22.8305, 3.50896, 0, 0
60.6234, 22.8305, 3.50896, 0, 0
60.6268, 22.8305, 3.50896, 0, 0
60.6301, 22.8305, 3.50896, 0, 0
60.6335, 22.8305, 3.50896, 0, 0
60.6368, 22.8305, 3.50896, 0, 0
60.6401, 22.8305, 3.50896, 0, 0
60.6434, 22.8305, 3.50896, 0, 0
60.6468, 22.8305, 3.50896, 0, 0
60.6502, 22.8305, 3.50896, 0, 0
60.6534, 22.8305, 3.50896, 0, 0
60.6568, 22.8305, 3.50896, 0, 0
60.6601, 22.8305, 3.50896, 0, 0
60.6636, 22.8305, 3.50896, 0, 0
60.6667, 22.8305, 3.50896, 0, 0
60.6701, 22.8305, 3.50896, 0, 0
60.6734, 22.8305, 3.50896, 0, 0
60.6767, 22.8305, 3.50896, 0, 0
60.6801, 22.8305, 3.50896, 0, 0
60.6834, 22.8305, 3.50896, 0, 0
60.6867, 22.8305, 3.50896, 0, 0
60.6901, 22.8305, 3.50896, 0, 0
60.6934, 22.8305, 3.50896, 0, 0
60.6968, 22.8305, 3.50896, 0, 0
60.7001, 22.8305, 3.50896, 0, 0
60.7034, 22.8305, 3.50896, 0, 0
60.7068, 22.8305, 3.50896, 0, 0
60.7101, 22.8305, 3.50896, 0, 0
60.7134, 22.8305, 3.50896, 0, 0
60.7168, 22.8305, 3.50896, 0, 0
60.7201, 22.8305, 3.50896, 0, 0
60.7234, 22.8305, 3.50896, 0, 0
60.7268, 22.8305, 3.50896, 0, 0
60.7301, 22.8305, 3.50896, 0, 0
60.7334, 22.8305, 3.50896, 0, 0
60.7368, 22.8305, 3.50896, 0, 0
60.7401, 22.8305, 3.50896, 0, 0
60.7435, 22.8305, 3.50896, 0, 0
60.7468, 22.8305, 3.50896, 0, 0
60.7501, 22.8305, 3.50896, 0, 0
60.7535, 22.8305, 3.50896, 0, 0
60.7567, 22.8305, 3.50896, 0, 0
60.7602, 22.8305, 3.50896, 0, 0
60.7635, 22.8305, 3.50896, 0, 0
60.7668, 22.8305, 3.50896, 0, 0
60.7702, 22.8305, 3.50896, 0, 0
60.7735, 22.8305, 3.50896, 0, 0
60.7768, 22.8305, 3.50896, 0, 0
60.7801, 22.8305, 3.50896, 0, 0
60.7835, 22.8305, 3.50896, 0, 0
60.7868, 22.8305, 3.50896, 0, 0
60.7901, 22.8305, 3.50896, 0, 0
60.7935, 22.8305, 3.50896, 0, 0
60.7968, 22.8305, 3.50896, 0, 0
60.8001, 22.8305, 3.50896, 0, 0
60.8034, 22.8305, 3.50896, 0, 0
60.8068, 22.8305, 3.50896, 0, 0
60.8101, 22.8305, 3.50896, 0, 0
60.8135, 22.8305, 3.50896, 0, 0
60.8168, 22.8305, 3.50896, 0, 0
60.8201, 22.8305, 3.50896, 0, 0
60.8235, 22.8305, 3.50896, 0, 0
60.8268, 22.8305, 3.50896, 0, 0
60.8301, 22.8305, 3.50896, 0, 0
60.8335, 22.8305, 3.50896, 0, 0
60.8368, 22.8305, 3.50896, 0, 0
60.8402, 22.8305, 3.50896, 0, 0
60.8435, 22.8305, 3.50896, 0, 0
60.8468, 22.8305, 3.50896, 0, 0
60.8502, 22.8305, 3.50896, 0, 0
60.8535, 22.8305, 3.50896, 0, 0
60.8568, 22.8305, 3.50896, 0, 0
60.8602, 22.8305, 3.50896, 0, 0
60.8635, 22.8305, 3.50896, 0, 0
60.8668, 22.8305, 3.50896, 0, 0
60.8701, 22.8305, 3.50896, 0, 0
60.8735, 22.8305, 3.50896, 0, 0
60.8768, 22.8305, 3.50896, 0, 0
60.8801, 22.8305, 3.50896, 0, 0
60.8835, 22.8305, 3.50896, 0, 0
60.8868, 22.8305, 3.50896, 0, 0
60.8901, 22.8305, 3.50896, 0, 0
60.8935, 22.8305, 3.50896, 0, 0
60.8967, 22.8305, 3.50896, 0, 0
60.9001, 22.8305, 3.50896, 0, 0
60.9035, 22.8305, 3.50896, 0, 0
60.9068, 22.8305, 3.50896, 0, 0
60.9101, 22.8305, 3.50896, 0, 0
60.9134, 22.8305, 3.50896, 0, 0
60.9168, 22.8305, 3.50896, 0, 0
60.9201, 22.8305, 3.50896, 0, 0
60.9235, 22.8305, 3.50896, 0, 0
60.9268, 22.8305, 3.50896, 0, 0
60.9301, 22.8305, 3.50896, 0, 0
60.9335, 22.8305, 3.50896, 0, 0
60.9368, 22.8305, 3.50896, 0, 0
60.9401, 22.8305, 3.50896, 0, 0
60.9434, 22.8305, 3.50896, 0, 0
60.9468, 22.8305, 3.50896, 0, 0
60.9501, 22.8305, 3.50896, 0, 0
60.9534, 22.8305, 3.50896, 0, 0
60.9568, 22.8305, 3.50896, 0, 0
60.9601, 22.8305, 3.50896, 0, 0
60.9634, 22.8305, 3.50896, 0, 0
60.9668, 22.8305, 3.50896, 0, 0
60.9701, 22.8305, 3.50896, 0, 0
60.9734, 22.8305, 3.50896, 0, 0
60.9768, 22.8305, 3.50896, 0, 0
60.9802, 22.8305, 3.50896, 0, 0
60.9834, 22.8305, 3.50896, 0, 0
60.9868, 22.8305, 3.50896, 0, 0
60.9901, 22.8305, 3.50896, 0, 0
60.9935, 22.8305, 3.50896, 0, 0
60.9968, 22.8305, 3.50896, 0, 0
61.0001, 22.8305, 3.50896, 0, 0
61.0035, 22.8305, 3.50896, 0, 0
61.0068, 22.8305, 3.50896, 0, 0
61.0101, 22.8305, 3.50896, 0, 0
61.0134, 22.8305, 3.50896, 0, 0
61.0168, 22.8305, 3.50896, 0, 0
61.0201, 22.8305, 3.50896, 0, 0
61.0235, 22.8305, 3.50896, 0, 0
61.0268, 22.8305, 3.50896, 0, 0
61.0301, 22.8305, 3.50896, 0, 0
61.0335, 22.8305, 3.50896, 0, 0
61.0368, 22.8305, 3.50896, 0, 0
61.0401, 22.8305, 3.50896, 0, 0
61.0434, 22.8305, 3.50896, 0, 0
61.0468, 22.8305, 3.50896, 0, 0
61.0501, 22.8305, 3.50896, 0, 0
61.0534, 22.8305, 3.50896, 0, 0
61.0568, 22.8305, 3.50896, 0, 0
61.0601, 22.8305, 3.50896, 0, 0
61.0635, 22.8305, 3.50896, 0, 0
61.0668, 22.8305, 3.50896, 0, 0
61.0701, 22.8305, 3.50896, 0, 0
61.0734, 22.8305, 3.50896, 0, 0
61.0768, 22.8305, 3.50896, 0, 0
61.0802, 22.8305, 3.50896, 0, 0
61.0834, 22.8305, 3.50896, 0, 0
61.0868, 22.8305, 3.50896, 0, 0
61.0901, 22.8305, 3.50896, 0, 0
61.0934, 22.8305, 3.50896, 0, 0
61.0968, 22.8305, 3.50896, 0, 0
61.1001, 22.8305, 3.50896, 0, 0
61.1035, 22.8305, 3.50896, 0, 0
61.1068, 22.8305, 3.50896, 0, 0
61.1101, 22.8305, 3.50896, 0, 0
61.1134, 22.8305, 3.50896, 0, 0
61.1168, 22.8305, 3.50896, 0, 0
61.1201, 22.8305, 3.50896, 0, 0
61.1235, 22.8305, 3.50896, 0, 0
61.1268, 22.8305, 3.50896, 0, 0
61.1301, 22.8305, 3.50896, 0, 0
61.1335, 22.8305, 3.50896, 0, 0
61.1368, 22.8305, 3.50896, 0, 0
61.1401, 22.8305, 3.50896, 0, 0
61.1435, 22.8305, 3.50896, 0, 0
61.1468, 22.8305, 3.50896, 0, 0
61.1501, 22.8305, 3.50896, 0, 0
61.1535, 22.8305, 3.50896, 0, 0
61.1568, 22.8305, 3.50896, 0, 0
61.1601, 22.8305, 3.50896, 0, 0
61.1635, 22.8305, 3.50896, 0, 0
61.1668, 22.8305, 3.50896, 0, 0
61.1701, 22.8305, 3.50896, 0, 0
61.1735, 22.8305, 3.50896, 0, 0
61.1767, 22.8305, 3.50896, 0, 0
61.1802, 22.8305, 3.50896, 0, 0
61.1835, 22.8305, 3.50896, 0, 0
61.1868, 22.8305, 3.50896, 0, 0
61.1901, 22.8305, 3.50896, 0, 0
61.1935, 22.8305, 3.50896, 0, 0
61.1968, 22.8305, 3.50896, 0, 0
61.2002, 22.8305, 3.50896, 0, 0
61.2035, 22.8305, 3.50896, 0, 0
61.2068, 22.8305, 3.50896, 0, 0
61.2101, 22.8305, 3.50896, 0, 0
61.2134, 22.8305, 3.50896, 0, 0
61.2168, 22.8305, 3.50896, 0, 0
61.2201, 22.8305, 3.50896, 0, 0
61.2235, 22.8305, 3.50896, 0, 0
61.2268, 22.8305, 3.50896, 0, 0
61.2301, 22.8305, 3.50896, 0, 0
61.2335, 22.8305, 3.50896, 0, 0
61.2368, 22.8305, 3.50896, 0, 0
61.2401, 22.8305, 3.50896, 0, 0
61.2434, 22.8305, 3.50896, 0, 0
61.2468, 22.8305, 3.50896, 0, 0
61.2501, 22.8305, 3.50896, 0, 0
61.2535, 22.8305, 3.50896, 0, 0
61.2568, 22.8305, 3.50896, 0, 0
61.2601, 22.8305, 3.50896, 0, 0
61.2634, 22.8305, 3.50896, 0, 0
61.2668, 22.8305, 3.50896, 0, 0
61.2701, 22.8305, 3.50896, 0, 0
61.2734, 22.8305, 3.50896, 0, 0
61.2768, 22.8305, 3.50896, 0, 0
61.2802, 22.8305, 3.50896, 0, 0
61.2835, 22.8305, 3.50896, 0, 0
61.2868, 22.8305, 3.50896, 0, 0
61.2901, 22.8305, 3.50896, 0, 0
61.2935, 22.8305, 3.50896, 0, 0
61.2968, 22.8305, 3.50896, 0, 0
61.3002, 22.8305, 3.50896, 0, 0
61.3035, 22.8305, 3.50896, 0, 0
61.3068, 22.8305, 3.50896, 0, 0
61.3101, 22.8305, 3.50896, 0, 0
61.3134, 22.8305, 3.50896, 0, 0
61.3168, 22.8305, 3.50896, 0, 0
61.3201, 22.8305, 3.50896, 0, 0
61.3235, 22.8305, 3.50896, 0, 0
61.3268, 22.8305, 3.50896, 0, 0
61.3301, 22.8305, 3.50896, 0, 0
61.3335, 22.8305, 3.50896, 0, 0
61.3368, 22.8305, 3.50896, 0, 0
61.3401, 22.8305, 3.50896, 0, 0
61.3435, 22.8305, 3.50896, 0, 0
61.3468, 22.8305, 3.50896, 0, 0
61.3501, 22.8305, 3.50896, 0, 0
61.3535, 22.8305, 3.50896, 0, 0
61.3568, 22.8305, 3.50896, 0, 0
61.3601, 22.8305, 3.50896, 0, 0
61.3634, 22.8305, 3.50896, 0, 0
61.3667, 22.8305, 3.50896, 0, 0
61.3701, 22.8305, 3.50896, 0, 0
61.3735, 22.8305, 3.50896, 0, 0
61.3768, 22.8305, 3.50896, 0, 0
61.3802, 22.8305, 3.50896, 0, 0
61.3835, 22.8305, 3.50896, 0, 0
61.3868, 22.8305, 3.50896, 0, 0
61.3902, 22.8305, 3.50896, 0, 0
61.3935, 22.8305, 3.50896, 0, 0
61.3968, 22.8305, 3.50896, 0, 0
61.4002, 22.8305, 3.50896, 0, 0
61.4035, 22.8305, 3.50896, 0, 0
61.4068, 22.8305, 3.50896, 0, 0
61.4102, 22.8305, 3.50896, 0, 0
61.4135, 22.8305, 3.50896, 0, 0
61.4168, 22.8305, 3.50896, 0, 0
61.4201, 22.8305, 3.50896, 0, 0
61.4235, 22.8305, 3.50896, 0, 0
61.4268, 22.8305, 3.50896, 0, 0
61.4301, 22.8305, 3.50896, 0, 0
61.4335, 22.8305, 3.50896, 0, 0
61.4367, 22.8305, 3.50896, 0, 0
61.4401, 22.8305, 3.50896, 0, 0
61.4434, 22.8305, 3.50896, 0, 0
61.4468, 22.8305, 3.50896, 0, 0
61.4501, 22.8305, 3.50896, 0, 0
61.4534, 22.8305, 3.50896, 0, 0
61.4568, 22.8305, 3.50896, 0, 0
61.4601, 22.8305, 3.50896, 0, 0
61.4634, 22.8305, 3.50896, 0, 0
61.4668, 22.8305, 3.50896, 0, 0
61.4701, 22.8305, 3.50896, 0, 0
61.4735, 22.8305, 3.50896, 0, 0
61.4768, 22.8305, 3.50896, 0, 0
61.4802, 22.8305, 3.50896, 0, 0
61.4835, 22.8305, 3.50896, 0, 0
61.4868, 22.8305, 3.50896, 0, 0
61.4901, 22.8305, 3.50896, 0, 0
61.4934, 22.8305, 3.50896, 0, 0
61.4968, 22.8305, 3.50896, 0, 0
61.5002, 22.8305, 3.50896, 0, 0
61.5034, 22.8305, 3.50896, 0, 0
61.5068, 22.8305, 3.50896, 0, 0
61.5101, 22.8305, 3.50896, 0, 0
61.5135, 22.8305, 3.50896, 0, 0
61.5168, 22.8305, 3.50896, 0, 0
61.5202, 22.8305, 3.50896, 0, 0
61.5234, 22.8305, 3.50896, 0, 0
61.5268, 22.8305, 3.50896, 0, 0
61.5301, 22.8305, 3.50896, 0, 0
61.5335, 22.8305, 3.50896, 0, 0
61.5368, 22.8305, 3.50896, 0, 0
61.5401, 22.8305, 3.50896, 0, 0
61.5435, 22.8305, 3.50896, 0, 0
61.5468, 22.8305, 3.50896, 0, 0
61.5501, 22.8305, 3.50896, 0, 0
61.5535, 22.8305, 3.50896, 0, 0
61.5567, 22.8305, 3.50896, 0, 0
61.5601, 22.8305, 3.50896, 0, 0
61.5634, 22.8305, 3.50896, 0, 0
61.5668, 22.8305, 3.50896, 0, 0
61.5701, 22.8305, 3.50896, 0, 0
61.5735, 22.8305, 3.50896, 0, 0
61.5768, 22.8305, 3.50896, 0, 0
61.5801, 22.8305, 3.50896, 0, 0
61.5835, 22.8305, 3.50896, 0, 0
61.5868, 22.8305, 3.50896, 0, 0
61.5901, 22.8305, 3.50896, 0, 0
61.5935, 22.8305, 3.50896, 0, 0
61.5968, 22.8305, 3.50896, 0, 0
61.6001, 22.8305, 3.50896, 0, 0
61.6034, 22.8305, 3.50896, 0, 0
61.6068, 22.8305, 3.50896, 0, 0
61.6101, 22.8305, 3.50896, 0, 0
61.6135, 22.8305, 3.50896, 0, 0
61.6168, 22.8305, 3.50896, 0, 0
61.6201, 22.8305, 3.50896, 0, 0
61.6234, 22.8305, 3.50896, 0, 0
61.6268, 22.8305, 3.50896, 0, 0
61.6301, 22.8305, 3.50896, 0, 0
61.6335, 22.8305, 3.50896, 0, 0
61.6368, 22.8305, 3.50896, 0, 0
61.6401, 22.8305, 3.50896, 0, 0
61.6434, 22.8305, 3.50896, 0, 0
61.6467, 22.8305, 3.50896, 0, 0
61.6501, 22.8305, 3.50896, 0, 0
61.6534, 22.8305, 3.50896, 0, 0
61.6568, 22.8305, 3.50896, 0, 0
61.6601, 22.8305, 3.50896, 0, 0
61.6634, 22.8305, 3.50896, 0, 0
61.6668, 22.8305, 3.50896, 0, 0
61.6701, 22.8305, 3.50896, 0, 0
61.6734, 22.8305, 3.50896, 0, 0
61.6767, 22.8305, 3.50896, 0, 0
61.6801, 22.8305, 3.50896, 0, 0
61.6835, 22.8305, 3.50896, 0, 0
61.6868, 22.8305, 3.50896, 0, 0
61.6901, 22.8305, 3.50896, 0, 0
61.6934, 22.8305, 3.50896, 0, 0
61.6968, 22.8305, 3.50896, 0, 0
61.7001, 22.8305, 3.50896, 0, 0
61.7034, 22.8305, 3.50896, 0, 0
61.7068, 22.8305, 3.50896, 0, 0
61.7101, 22.8305, 3.50896, 0, 0
61.7135, 22.8305, 3.50896, 0, 0
61.7168, 22.8305, 3.50896, 0, 0
61.7202, 22.8305, 3.50896, 0, 0
61.7235, 22.8305, 3.50896, 0, 0
61.7267, 22.8305, 3.50896, 0, 0
61.7302, 22.8305, 3.50896, 0, 0
61.7335, 22.8305, 3.50896, 0, 0
61.7367, 22.8305, 3.50896, 0, 0
61.7401, 22.8305, 3.50896, 0, 0
61.7434, 22.8305, 3.50896, 0, 0
61.7468, 22.8305, 3.50896, 0, 0
61.7501, 22.8305, 3.50896, 0, 0
61.7535, 22.8305, 3.50896, 0, 0
61.7568, 22.8305, 3.50896, 0, 0
61.7601, 22.8305, 3.50896, 0, 0
61.7634, 22.8305, 3.50896, 0, 0
61.7668, 22.8305, 3.50896, 0, 0
61.7701, 22.8305, 3.50896, 0, 0
61.7735, 22.8305, 3.50896, 0, 0
61.7768, 22.8305, 3.50896, 0, 0
61.7801, 22.8305, 3.50896, 0, 0
61.7834, 22.8305, 3.50896, 0, 0
61.7868, 22.8305, 3.50896, 0, 0
61.7902, 22.8305, 3.50896, 0, 0
61.7935, 22.8305, 3.50896, 0, 0
61.7968, 22.8305, 3.50896, 0, 0
61.8001, 22.8305, 3.50896, 0, 0
61.8035, 22.8305, 3.50896, 0, 0
61.8068, 22.8305, 3.50896, 0, 0
61.8101, 22.8305, 3.50896, 0, 0
61.8135, 22.8305, 3.50896, 0, 0
61.8168, 22.8305, 3.50896, 0, 0
61.8202, 22.8305, 3.50896, 0, 0
61.8235, 22.8305, 3.50896, 0, 0
61.8267, 22.8305, 3.50896, 0, 0
61.8301, 22.8305, 3.50896, 0, 0
61.8334, 22.8305, 3.50896, 0, 0
61.8369, 22.8305, 3.50896, 0, 0
61.8401, 22.8305, 3.50896, 0, 0
61.8434, 22.8305, 3.50896, 0, 0
61.8468, 22.8305, 3.50896, 0, 0
61.8501, 22.8305, 3.50896, 0, 0
61.8534, 22.8305, 3.50896, 0, 0
61.8567, 22.8305, 3.50896, 0, 0
61.8601, 22.8305, 3.50896, 0, 0
61.8634, 22.8305, 3.50896, 0, 0
61.8668, 22.8305, 3.50896, 0, 0
61.8701, 22.8305, 3.50896, 0, 0
61.8735, 22.8305, 3.50896, 0, 0
61.8768, 22.8305, 3.50896, 0, 0
61.8801, 22.8305, 3.50896, 0, 0
61.8834, 22.8305, 3.50896, 0, 0
61.8868, 22.8305, 3.50896, 0, 0
61.8901, 22.8305, 3.50896, 0, 0
61.8934, 22.8305, 3.50896, 0, 0
61.8968, 22.8305, 3.50896, 0, 0
61.9001, 22.8305, 3.50896, 0, 0
61.9034, 22.8305, 3.50896, 0, 0
61.9068, 22.8305, 3.50896, 0, 0
61.9101, 22.8305, 3.50896, 0, 0
61.9134, 22.8305, 3.50896, 0, 0
61.9168, 22.8305, 3.50896, 0, 0
61.9201, 22.8305, 3.50896, 0, 0
61.9234, 22.8305, 3.50896, 0, 0
61.9268, 22.8305, 3.50896, 0, 0
61.9301, 22.8305, 3.50896, 0, 0
61.9334, 22.8305, 3.50896, 0, 0
61.9368, 22.8305, 3.50896, 0, 0
61.9402, 22.8305, 3.50896, 0, 0
61.9434, 22.8305, 3.50896, 0, 0
61.9468, 22.8305, 3.50896, 0, 0
61.9501, 22.8305, 3.50896, 0, 0
61.9535, 22.8305, 3.50896, 0, 0
61.9568, 22.8305, 3.50896, 0, 0
61.9601, 22.8305, 3.50896, 0, 0
61.9634, 22.8305, 3.50896, 0, 0
61.9668, 22.8305, 3.50896, 0, 0
61.9701, 22.8305, 3.50896, 0, 0
61.9734, 22.8305, 3.50896, 0, 0
61.9768, 22.8305, 3.50896, 0, 0
61.9801, 22.8305, 3.50896, 0, 0
61.9834, 22.8305, 3.50896, 0, 0
61.9868, 22.8305, 3.50896, 0, 0
61.9901, 22.8305, 3.50896, 0, 0
61.9934, 22.8305, 3.50896, 0, 0
61.9968, 22.8305, 3.50896, 0, 0
62.0001, 22.8305, 3.50896, 0, 0
62.0035, 22.8305, 3.50896, 0, 0
62.0068, 22.8305, 3.50896, 0, 0
62.0101, 22.8305, 3.50896, 0, 0
62.0134, 22.8305, 3.50896, 0, 0
62.0168, 22.8305, 3.50896, 0, 0
62.0201, 22.8305, 3.50896, 0, 0
62.0234, 22.8305, 3.50896, 0, 0
62.0268, 22.8305, 3.50896, 0, 0
62.0301, 22.8305, 3.50896, 0, 0
62.0334, 22.8305, 3.50896, 0, 0
62.0368, 22.8305, 3.50896, 0, 0
62.0401, 22.8305, 3.50896, 0, 0
62.0434, 22.8305, 3.50896, 0, 0
62.0468, 22.8305, 3.50896, 0, 0
62.0501, 22.8305, 3.50896, 0, 0
62.0534, 22.8305, 3.50896, 0, 0
62.0568, 22.8305, 3.50896, 0, 0
62.0601, 22.8305, 3.50896, 0, 0
62.0634, 22.8305, 3.50896, 0, 0
62.0668, 22.8305, 3.50896, 0, 0
62.0701, 22.8305, 3.50896, 0, 0
62.0734, 22.8305, 3.50896, 0, 0
62.0768, 22.8305, 3.50896, 0, 0
62.0801, 22.8305, 3.50896, 0, 0
62.0834, 22.8305, 3.50896, 0, 0
62.0868, 22.8305, 3.50896, 0, 0
62.0901, 22.8305, 3.50896, 0, 0
62.0935, 22.8305, 3.50896, 0, 0
62.0968, 22.8305, 3.50896, 0, 0
62.1001, 22.8305, 3.50896, 0, 0
62.1034, 22.8305, 3.50896, 0, 0
62.1068, 22.8305, 3.50896, 0, 0
62.1101, 22.8305, 3.50896, 0, 0
62.1134, 22.8305, 3.50896, 0, 0
62.1168, 22.8305, 3.50896, 0, 0
62.1201, 22.8305, 3.50896, 0, 0
62.1234, 22.8305, 3.50896, 0, 0
62.1268, 22.8305, 3.50896, 0, 0
62.1301, 22.8305, 3.50896, 0, 0
62.1335, 22.8305, 3.50896, 0, 0
62.1368, 22.8305, 3.50896, 0, 0
62.1401, 22.8305, 3.50896, 0, 0
62.1434, 22.8305, 3.50896, 0, 0
62.1468, 22.8305, 3.50896, 0, 0
62.1501, 22.8305, 3.50896, 0, 0
62.1534, 22.8305, 3.50896, 0, 0
62.1568, 22.8305, 3.50896, 0, 0
62.1601, 22.8305, 3.50896, 0, 0
62.1634, 22.8305, 3.50896, 0, 0
62.1668, 22.8305, 3.50896, 0, 0
62.1701, 22.8305, 3.50896, 0, 0
62.1734, 22.8305, 3.50896, 0, 0
62.1768, 22.8305, 3.50896, 0, 0
62.1801, 22.8305, 3.50896, 0, 0
62.1834, 22.8305, 3.50896, 0, 0
62.1868, 22.8305, 3.50896, 0, 0
62.1901, 22.8305, 3.50896, 0, 0
62.1934, 22.8305, 3.50896, 0, 0
62.1968, 22.8305, 3.50896, 0, 0
62.2001, 22.8305, 3.50896, 0, 0
62.2035, 22.8305, 3.50896, 0, 0
62.2068, 22.8305, 3.50896, 0, 0
62.2101, 22.8305, 3.50896, 0, 0
62.2135, 22.8305, 3.50896, 0, 0
62.2168, 22.8305, 3.50896, 0, 0
62.2202, 22.8305, 3.50896, 0, 0
62.2235, 22.8305, 3.50896, 0, 0
62.2268, 22.8305, 3.50896, 0, 0
62.2302, 22.8305, 3.50896, 0, 0
62.2335, 22.8305, 3.50896, 0, 0
62.2368, 22.8305, 3.50896, 0, 0
62.2401, 22.8305, 3.50896, 0, 0
62.2434, 22.8305, 3.50896, 0, 0
62.2468, 22.8305, 3.50896, 0, 0
62.2502, 22.8305, 3.50896, 0, 0
62.2535, 22.8305, 3.50896, 0, 0
62.2568, 22.8305, 3.50896, 0, 0
62.2602, 22.8305, 3.50896, 0, 0
62.2635, 22.8305, 3.50896, 0, 0
62.2667, 22.8305, 3.50896, 0, 0
62.2701, 22.8305, 3.50896, 0, 0
62.2735, 22.8305, 3.50896, 0, 0
62.2768, 22.8305, 3.50896, 0, 0
62.2801, 22.8305, 3.50896, 0, 0
62.2834, 22.8305, 3.50896, 0, 0
62.2868, 22.8305, 3.50896, 0, 0
62.2901, 22.8305, 3.50896, 0, 0
62.2935, 22.8305, 3.50896, 0, 0
62.2968, 22.8305, 3.50896, 0, 0
62.3001, 22.8305, 3.50896, 0, 0
62.3034, 22.8305, 3.50896, 0, 0
62.3068, 22.8305, 3.50896, 0, 0
62.3101, 22.8305, 3.50896, 0, 0
62.3134, 22.8305, 3.50896, 0, 0
62.3168, 22.8305, 3.50896, 0, 0
62.3201, 22.8305, 3.50896, 0, 0
62.3235, 22.8305, 3.50896, 0, 0
62.3268, 22.8305, 3.50896, 0, 0
62.3301, 22.8305, 3.50896, 0, 0
62.3334, 22.8305, 3.50896, 0, 0
62.3368, 22.8305, 3.50896, 0, 0
62.3401, 22.8305, 3.50896, 0, 0
62.3434, 22.8305, 3.50896, 0, 0
62.3468, 22.8305, 3.50896, 0, 0
62.3501, 22.8305, 3.50896, 0, 0
62.3534, 22.8305, 3.50896, 0, 0
62.3568, 22.8305, 3.50896, 0, 0
62.3601, 22.8305, 3.50896, 0, 0
62.3634, 22.8305, 3.50896, 0, 0
62.3668, 22.8305, 3.50896, 0, 0
62.3701, 22.8305, 3.50896, 0, 0
62.3734, 22.8305, 3.50896, 0, 0
62.3767, 22.8305, 3.50896, 0, 0
62.3801, 22.8305, 3.50896, 0, 0
62.3834, 22.8305, 3.50896, 0, 0
62.3868, 22.8305, 3.50896, 0, 0
62.3901, 22.8305, 3.50896, 0, 0
62.3934, 22.8305, 3.50896, 0, 0
62.3968, 22.8305, 3.50896, 0, 0
62.4001, 22.8305, 3.50896, 0, 0
62.4035, 22.8305, 3.50896, 0, 0
62.4068, 22.8305, 3.50896, 0, 0
62.4101, 22.8305, 3.50896, 0, 0
62.4134, 22.8305, 3.50896, 0, 0
62.4168, 22.8305, 3.50896, 0, 0
62.4201, 22.8305, 3.50896, 0, 0
62.4234, 22.8305, 3.50896, 0, 0
62.4268, 22.8305, 3.50896, 0, 0
62.4301, 22.8305, 3.50896, 0, 0
62.4334, 22.8305, 3.50896, 0, 0
62.4368, 22.8305, 3.50896, 0, 0
62.4401, 22.8305, 3.50896, 0, 0
62.4434, 22.8305, 3.50896, 0, 0
62.4468, 22.8305, 3.50896, 0, 0
62.4501, 22.8305, 3.50896, 0, 0
62.4534, 22.8305, 3.50896, 0, 0
62.4567, 22.8305, 3.50896, 0, 0
62.4601, 22.8305, 3.50896, 0, 0
62.4634, 22.8305, 3.50896, 0, 0
62.4668, 22.8305, 3.50896, 0, 0
62.4702, 22.8305, 3.50896, 0, 0
62.4734, 22.8305, 3.50896, 0, 0
62.4768, 22.8305, 3.50896, 0, 0
62.4802, 22.8305, 3.50896, 0, 0
62.4835, 22.8305, 3.50896, 0, 0
62.4868, 22.8305, 3.50896, 0, 0
62.4901, 22.8305, 3.50896, 0, 0
62.4934, 22.8305, 3.50896, 0, 0
62.4968, 22.8305, 3.50896, 0, 0
62.5001, 22.8305, 3.50896, 0, 0
62.5034, 22.8305, 3.50896, 0, 0
62.5068, 22.8305, 3.50896, 0, 0
62.5101, 22.8305, 3.50896, 0, 0
62.5134, 22.8305, 3.50896, 0, 0
62.5168, 22.8305, 3.50896, 0, 0
62.5201, 22.8305, 3.50896, 0, 0
62.5234, 22.8305, 3.50896, 0, 0
62.5268, 22.8305, 3.50896, 0, 0
62.5301, 22.8305, 3.50896, 0, 0
62.5334, 22.8305, 3.50896, 0, 0
62.5368, 22.8305, 3.50896, 0, 0
62.5401, 22.8305, 3.50896, 0, 0
62.5434, 22.8305, 3.50896, 0, 0
62.5467, 22.8305, 3.50896, 0, 0
62.5501, 22.8305, 3.50896, 0, 0
62.5534, 22.8305, 3.50896, 0, 0
62.5568, 22.8305, 3.50896, 0, 0
62.5601, 22.8305, 3.50896, 0, 0
62.5634, 22.8305, 3.50896, 0, 0
62.5668, 22.8305, 3.50896, 0, 0
62.5701, 22.8305, 3.50896, 0, 0
62.5734, 22.8305, 3.50896, 0, 0
62.5768, 22.8305, 3.50896, 0, 0
62.5801, 22.8305, 3.50896, 0, 0
62.5834, 22.8305, 3.50896, 0, 0
62.5868, 22.8305, 3.50896, 0, 0
62.5901, 22.8305, 3.50896, 0, 0
62.5934, 22.8305, 3.50896, 0, 0
62.5968, 22.8305, 3.50896, 0, 0
62.6001, 22.8305, 3.50896, 0, 0
62.6034, 22.8305, 3.50896, 0, 0
62.6068, 22.8305, 3.50896, 0, 0
62.6101, 22.8305, 3.50896, 0, 0
62.6134, 22.8305, 3.50896, 0, 0
62.6168, 22.8305, 3.50896, 0, 0
62.6201, 22.8305, 3.50896, 0, 0
62.6234, 22.8305, 3.50896, 0, 0
62.6268, 22.8305, 3.50896, 0, 0
62.6301, 22.8305, 3.50896, 0, 0
62.6335, 22.8305, 3.50896, 0, 0
62.6367, 22.8305, 3.50896, 0, 0
62.6401, 22.8305, 3.50896, 0, 0
62.6434, 22.8305, 3.50896, 0, 0
62.6467, 22.8305, 3.50896, 0, 0
62.6501, 22.8305, 3.50896, 0, 0
62.6534, 22.8305, 3.50896, 0, 0
62.6568, 22.8305, 3.50896, 0, 0
62.6601, 22.8305, 3.50896, 0, 0
